199.453966    0.00999029091733
201.133825678    0.0160096362238
202.813685356    0.0268086671772
204.493545034    0.0453880976281
206.173404712    0.0770786097671
207.85326439    0.133791214849
209.533124068    0.200015169273
211.212983746    0.275688620207
212.892843424    0.363495325476
214.572703102    0.395863546722
216.25256278    0.421934620257
217.932422458    0.44566798123
219.612282136    0.461188993997
221.292141814    0.480312735641
222.972001492    0.476997084854
224.651861169    0.497869080342
226.331720847    0.549283888529
228.011580525    0.546834268415
229.691440203    0.55949944214
231.371299881    0.616464841025
233.051159559    0.644419685911
234.731019237    0.655223485548
236.410878915    0.676405237896
238.090738593    0.67323052057
239.770598271    0.700198930169
241.450457949    0.746681995254
243.130317627    0.736643368252
244.810177305    0.71114052659
246.490036983    0.743323735804
248.169896661    0.792217793422
249.849756339    0.784134846612
251.529616017    0.775236784216
253.209475695    0.802588172118
254.889335373    0.82740564765
256.569195051    0.848783841913
258.249054729    0.885131406137
259.928914407    0.904141364705
261.608774085    0.884039325841
263.288633763    0.876822634329
264.968493441    0.935636788016
266.648353119    0.999897355861
268.328212797    0.966314647112
270.008072475    0.919809316946
271.687932153    0.935883471589
273.367791831    0.972229564495
275.047651508    0.983492323123
276.727511186    0.952186428531
278.407370864    0.952647753436
280.087230542    0.926542827663
281.76709022    0.87173928025
283.446949898    0.80206255933
285.126809576    0.827409255948
286.806669254    0.772082544474
288.486528932    0.688709304747
290.16638861    0.542085218368
291.846248288    0.381733773094
293.526107966    0.262117065331
295.205967644    0.0716425342717
296.885827322    0.0233221932247
298.565687    0.00977871957353
