Index "Column Density" Temperature "Minimised Chi-Squared" "One-Sigma N" "One-Sigma T" "Two-Sigma N" "Two-Sigma T" "Three-Sigma N" "Three-Sigma T"
0 2.6560877829466947e+17 15.436469962785752 2353.335422783749 0.0 0.0 0.0 0.0 0.0 0.0
1 2.6560877829466947e+17 15.436469962785752 2342.4121833669151 0.0 0.0 0.0 0.0 0.0 0.0
2 2.6560877829466947e+17 15.436469962785752 2329.446159161881 0.0 0.0 0.0 0.0 0.0 0.0
3 2.6560877829466947e+17 15.436469962785752 2314.8907893489031 0.0 0.0 0.0 0.0 0.0 0.0
4 2.6560877829466947e+17 15.436469962785752 2298.5042984282272 0.0 0.0 0.0 0.0 0.0 0.0
5 2.6560877829466947e+17 15.436469962785752 2280.1320422129756 0.0 0.0 0.0 0.0 0.0 0.0
6 2.6560877829466947e+17 15.436469962785752 2260.1130866415779 0.0 0.0 0.0 0.0 0.0 0.0
7 2.6560877829466947e+17 15.436469962785752 2238.8704132845714 0.0 0.0 0.0 0.0 0.0 0.0
8 2.6560877829466947e+17 15.436469962785752 2216.4157417830429 0.0 0.0 0.0 0.0 0.0 0.0
9 2.6560877829466947e+17 15.436469962785752 2193.2193205731119 0.0 0.0 0.0 0.0 0.0 0.0
10 2.6560877829466947e+17 15.436469962785752 2169.6526127877764 0.0 0.0 0.0 0.0 0.0 0.0
11 2.6560877829466947e+17 15.436469962785752 2146.5287190209156 0.0 0.0 0.0 0.0 0.0 0.0
12 2.6560877829466947e+17 15.436469962785752 2123.9345021750069 0.0 0.0 0.0 0.0 0.0 0.0
13 2.6560877829466947e+17 15.436469962785752 2102.7417748499042 0.0 0.0 0.0 0.0 0.0 0.0
14 2.6560877829466947e+17 15.436469962785752 2083.2801049362397 0.0 0.0 0.0 0.0 0.0 0.0
15 2.6560877829466947e+17 15.436469962785752 2065.8085201090289 0.0 0.0 0.0 0.0 0.0 0.0
16 2.6560877829466947e+17 15.436469962785752 2051.1589985684532 0.0 0.0 0.0 0.0 0.0 0.023746234272550737
17 2.6560877829466947e+17 15.460216197058303 2038.5553278482907 0.0 0.023746234272550737 0.0 0.023746234272550737 0.0 0.023746234272550737
18 2.6560877829466947e+17 15.460216197058303 2019.3571427930406 0.0 0.0 0.0 0.0 0.0 0.0
19 2.6560877829466947e+17 15.460216197058303 2004.1813451530543 0.0 0.0 0.0 0.0 0.0 0.0
20 2.6560877829466947e+17 15.460216197058303 1994.0595675973323 0.0 0.0 0.0 0.0 0.0 0.0
21 2.6560877829466947e+17 15.460216197058303 1990.240568030179 0.0 0.0 0.0 0.0 0.0 0.0
22 2.6560877829466947e+17 15.460216197058303 1993.9913511172708 0.0 0.0 0.0 0.0 0.0 0.0
23 2.6560877829466947e+17 15.460216197058303 2007.349945925926 0.0 0.0 0.0 0.0 0.0 0.0
24 2.6560877829466947e+17 15.460216197058303 2031.7688023926198 0.0 0.0 0.0 0.0 0.0 0.0
25 2.6560877829466947e+17 15.460216197058303 2069.0449858617058 0.0 0.0 0.0 0.023746234272548961 0.0 0.023746234272548961
26 2.6560877829466947e+17 15.483962431330852 2107.0892206150861 0.0 0.0 0.0 0.0 0.0 0.0
27 2.6560877829466947e+17 15.483962431330852 2157.8824871958868 0.0 0.0 0.0 0.0 0.0 0.0
28 2.6560877829466947e+17 15.483962431330852 2227.6653213883028 0.0 0.0 0.0 0.0 0.0 0.0
29 2.6560877829466947e+17 15.483962431330852 2322.1847012564513 0.0 0.0 0.0 0.0 0.0 0.0
30 2.6560877829466947e+17 15.483962431330852 2448.8011241699992 0.0 0.0 4370761296420704.0 0.047492468545099698 4370761296420704.0 0.047492468545099698
31 2.6997953959109018e+17 15.460216197058303 2574.7627758981935 0.0 0.0 0.0 0.0 0.0 0.0
32 2.7442222454317066e+17 15.412723728513203 2720.8920979340769 0.0 0.0 0.0 0.0 4442684952080480.0 0.047492468545099698
33 2.7442222454317066e+17 15.412723728513203 2891.6902899964448 0.0 0.0 0.0 0.0 0.0 0.0
34 2.7893801670038726e+17 15.388977494240653 3083.9703753676713 0.0 0.0 0.0 0.0 0.0 0.0
35 2.8352811908827533e+17 15.341485025695553 3291.436205851935 0.0 0.0 4590102387888064.0 0.047492468545099698 4590102387888064.0 0.047492468545099698
36 2.8352811908827533e+17 15.341485025695553 3518.9706923026656 0.0 0.0 0.0 0.0 0.0 0.0
37 2.8819375452892016e+17 15.317738791423002 3758.0302383108651 0.0 0.0 0.0 0.0 0.0 0.0
38 2.9293616596672186e+17 15.270246322877902 4016.057414906064 0.0 0.0 0.0 0.0 4742411437801696.0 0.047492468545099698
39 2.9293616596672186e+17 15.270246322877902 4292.2091637739813 0.0 0.0 0.0 0.0 0.0 0.0
40 2.9775661679952064e+17 15.246500088605352 4565.6040101267472 0.0 0.0 0.0 0.0 0.0 0.0
41 3.0265639121517152e+17 15.199007620060252 4864.0416382365274 0.0 0.0 0.0 0.0 4899774415650880.0 0.047492468545099698
42 3.0265639121517152e+17 15.199007620060252 5177.1550829369971 0.0 0.0 0.0 0.0 0.0 0.023746234272550737
43 3.076367945336544e+17 15.175261385787701 5481.3052050577353 0.0 0.0 0.0 0.0 0.0 0.0
44 3.1269915355482688e+17 15.127768917242602 5810.6482073958405 0.0 0.0 5062359021172480.0 0.047492468545099698 5062359021172480.0 0.047492468545099698
45 3.1269915355482688e+17 15.127768917242602 6144.7709023034668 0.0 0.0 0.0 0.0 0.0 0.023746234272550737
46 3.1784481691187405e+17 15.104022682970053 6469.2217873922364 0.0 0.0 0.0 0.0 0.0 0.0
47 3.1784481691187405e+17 15.104022682970053 6808.6457967417391 0.0 0.0 5230338518725888.0 0.047492468545101474 5230338518725888.0 0.047492468545101474
48 3.2307515543059994e+17 15.056530214424951 7148.2601121899697 0.0 0.0 0.0 0.0 0.0 0.023746234272550737
49 3.2839156249461862e+17 15.032783980152402 7475.0183209346342 0.0 0.0 0.0 0.0 0.0 0.0
50 3.2839156249461862e+17 15.032783980152402 7794.5267209933982 0.0 0.0 0.0 0.0 0.0 0.0
51 3.3379545441655738e+17 14.985291511607301 8118.2906046020653 0.0 0.0 0.0 0.0 5403891921938752.0 0.047492468545101474
52 3.3379545441655738e+17 15.009037745879851 8424.1844838071283 0.0 0.0 5492816398810752.0 0.047492468545099698 5492816398810752.0 0.047492468545099698
53 3.3928827081536813e+17 14.961545277334752 8696.9389130923209 0.0 0.0 0.0 0.0 0.0 0.0
54 3.3928827081536813e+17 14.961545277334752 8963.8998660674351 0.0 0.0 0.0 0.0 0.0 0.0
55 3.3928827081536813e+17 14.961545277334752 9223.4085822866291 5583204184479552.0 0.047492468545099698 5583204184479552.0 0.047492468545099698 5583204184479552.0 0.047492468545099698
56 3.4487147499984768e+17 14.937799043062201 9449.1628335001951 0.0 0.0 0.0 0.023746234272548961 0.0 0.023746234272548961
57 3.4487147499984768e+17 14.937799043062201 9645.3516377934411 0.0 0.0 0.0 0.0 5675079358621888.0 0.047492468545099698
58 3.5054655435846957e+17 14.890306574517101 9815.604552705081 0.0 0.0 0.0 0.0 5675079358621888.0 0.047492468545099698
59 3.5054655435846957e+17 14.890306574517101 9960.4948395936062 0.0 0.0 0.0 0.0 0.0 0.0
60 3.5054655435846957e+17 14.890306574517101 10083.9305240637 0.0 0.0 0.0 0.0 0.0 0.0
61 3.5054655435846957e+17 14.890306574517101 10184.188483656497 0.0 0.0 0.0 0.0 0.0 0.0
62 3.5054655435846957e+17 14.890306574517101 10260.296688511953 0.0 0.0 0.0 0.0 0.0 0.0
63 3.5054655435846957e+17 14.890306574517101 10311.101740583536 0.0 0.0 0.0 0.0 0.0 0.0
64 3.5054655435846957e+17 14.890306574517101 10336.074740805328 0.0 0.0 0.0 0.0 0.0 0.0
65 3.5054655435846957e+17 14.890306574517101 10335.364485494032 0.0 0.0 0.0 0.0 0.0 0.0
66 3.5054655435846957e+17 14.890306574517101 10309.197133374346 0.0 0.0 0.0 0.0 0.0 0.0
67 3.5054655435846957e+17 14.890306574517101 10257.664294638735 0.0 0.0 0.0 0.0 0.0 0.0
68 3.5054655435846957e+17 14.890306574517101 10181.142023012178 0.0 0.0 0.0 0.0 0.0 0.0
69 3.5054655435846957e+17 14.890306574517101 10081.248773888023 0.0 0.0 0.0 0.0 0.0 0.0
70 3.5054655435846957e+17 14.890306574517101 9958.9764017432626 0.0 0.0 0.0 0.0 0.0 0.0
71 3.5054655435846957e+17 14.890306574517101 9816.1524368895753 0.0 0.0 5675079358621888.0 0.047492468545099698 5675079358621888.0 0.047492468545099698
72 3.4487147499984768e+17 14.937799043062201 9642.2197939992802 0.0 0.0 0.0 0.0 0.0 0.023746234272548961
73 3.4487147499984768e+17 14.914052808789652 9443.5374429408057 0.0 0.0 0.0 0.023746234272548961 5583204184479552.0 0.047492468545099698
74 3.3928827081536813e+17 14.961545277334752 9211.5865352521687 0.0 0.0 0.0 0.0 5583204184479552.0 0.047492468545099698
75 3.3928827081536813e+17 14.961545277334752 8956.1411802008788 0.0 0.0 0.0 0.0 0.0 0.0
76 3.3928827081536813e+17 14.961545277334752 8693.8622539270818 0.0 0.0 0.0 0.0 0.0 0.0
77 3.3379545441655738e+17 14.985291511607301 8417.5196013846144 0.0 0.023746234272550737 0.0 0.023746234272550737 0.0 0.023746234272550737
78 3.3379545441655738e+17 14.985291511607301 8110.2378358376773 0.0 0.0 5403891921938752.0 0.047492468545101474 5403891921938752.0 0.047492468545101474
79 3.2839156249461862e+17 15.032783980152402 7784.9184185758113 0.0 0.0 0.0 0.0 0.0 0.0
80 3.2839156249461862e+17 15.032783980152402 7470.7223604959945 0.0 0.0 0.0 0.0 5316407064018688.0 0.047492468545099698
81 3.2307515543059994e+17 15.056530214424951 7136.36846868264 0.0 0.0 0.0 0.0 0.0 0.0
82 3.1784481691187405e+17 15.104022682970053 6796.2734062001491 0.0 0.0 0.0 0.0 5230338518725888.0 0.047492468545101474
83 3.1784481691187405e+17 15.104022682970053 6461.6658895222818 0.0 0.0 0.0 0.0 0.0 0.0
84 3.1269915355482688e+17 15.127768917242602 6132.4314310314539 0.0 0.0 0.0 0.0 0.0 0.0
85 3.076367945336544e+17 15.175261385787701 5800.835709612953 5062359021172480.0 0.047492468545099698 5062359021172480.0 0.047492468545099698 5062359021172480.0 0.047492468545099698
86 3.076367945336544e+17 15.175261385787701 5472.5134150727208 0.0 0.0 0.0 0.0 0.0 0.0
87 3.0265639121517152e+17 15.199007620060252 5164.5446566726641 0.0 0.0 0.0 0.0 0.0 0.0
88 3.0265639121517152e+17 15.199007620060252 4854.3431899500483 0.0 0.0 4899774415650880.0 0.047492468545099698 4899774415650880.0 0.047492468545099698
89 2.9775661679952064e+17 15.246500088605352 4555.199009930775 0.0 0.0 0.0 0.0 0.0 0.0
90 2.9293616596672186e+17 15.270246322877902 4277.6057724659131 0.0 0.0 0.0 0.0 0.0 0.0
91 2.9293616596672186e+17 15.270246322877902 4004.4505456750803 0.0 0.0 4742411437801696.0 0.047492468545099698 4742411437801696.0 0.047492468545099698
92 2.8819375452892016e+17 15.317738791423002 3745.9273963583951 0.0 0.0 0.0 0.0 0.0 0.0
93 2.8352811908827533e+17 15.341485025695553 3502.5827675600854 0.0 0.0 0.0 0.0 0.0 0.0
94 2.8352811908827533e+17 15.341485025695553 3279.453702781595 4590102387888064.0 0.047492468545099698 4590102387888064.0 0.047492468545099698 4590102387888064.0 0.047492468545099698
95 2.7893801670038726e+17 15.388977494240653 3072.5176839355058 0.0 0.0 0.0 0.0 0.0 0.0
96 2.7442222454317066e+17 15.412723728513203 2876.5560109281496 0.0 0.0 0.0 0.0 0.0 0.0
97 2.7442222454317066e+17 15.412723728513203 2711.2206461097858 0.0 0.0 4442684952080480.0 0.047492468545099698 4442684952080480.0 0.047492468545099698
98 2.6997953959109018e+17 15.460216197058303 2565.6260203986476 0.0 0.0 0.0 0.0 0.0 0.023746234272550737
99 2.6560877829466947e+17 15.483962431330852 2435.3456377632065 0.0 0.0 0.0 0.0 4370761296420704.0 0.047492468545099698
100 2.6560877829466947e+17 15.483962431330852 2312.4939714413163 0.0 0.0 0.0 0.0 0.0 0.0
101 2.6560877829466947e+17 15.483962431330852 2220.7830830438061 0.0 0.0 0.0 0.0 0.0 0.0
102 2.6560877829466947e+17 15.483962431330852 2153.0083808435015 0.0 0.0 0.0 0.0 0.0 0.0
103 2.6560877829466947e+17 15.483962431330852 2103.7542470976919 0.0 0.0 0.0 0.0 0.0 0.023746234272548961
104 2.6560877829466947e+17 15.460216197058303 2062.6964820637709 0.0 0.0 0.0 0.0 0.0 0.023746234272548961
105 2.6560877829466947e+17 15.460216197058303 2026.724566833208 0.0 0.0 0.0 0.0 0.0 0.0
106 2.6560877829466947e+17 15.460216197058303 2003.6220441305036 0.0 0.0 0.0 0.0 0.0 0.0
107 2.6560877829466947e+17 15.460216197058303 1991.6050700056312 0.0 0.0 0.0 0.0 0.0 0.0
108 2.6560877829466947e+17 15.460216197058303 1989.0826662914346 0.0 0.0 0.0 0.0 0.0 0.0
109 2.6560877829466947e+17 15.460216197058303 1994.0646470173665 0.0 0.0 0.0 0.0 0.0 0.0
110 2.6560877829466947e+17 15.460216197058303 2005.251488097284 0.0 0.0 0.0 0.0 0.0 0.0
111 2.6560877829466947e+17 15.460216197058303 2021.3909679370863 0.0 0.0 0.0 0.0 0.0 0.023746234272550737
112 2.6560877829466947e+17 15.436469962785752 2038.7066159681324 0.0 0.0 0.0 0.023746234272550737 0.0 0.023746234272550737
113 2.6560877829466947e+17 15.436469962785752 2051.556480694283 0.0 0.0 0.0 0.0 0.0 0.0
114 2.6560877829466947e+17 15.436469962785752 2067.2630707876006 0.0 0.0 0.0 0.0 0.0 0.0
115 2.6560877829466947e+17 15.436469962785752 2085.7026411275729 0.0 0.0 0.0 0.0 0.0 0.0
116 2.6560877829466947e+17 15.436469962785752 2105.9724097747558 0.0 0.0 0.0 0.0 0.0 0.0
117 2.6560877829466947e+17 15.436469962785752 2127.7869977502601 0.0 0.0 0.0 0.0 0.0 0.0
118 2.6560877829466947e+17 15.436469962785752 2150.8575144794286 0.0 0.0 0.0 0.0 0.0 0.0
119 2.6560877829466947e+17 15.436469962785752 2174.2583533659476 0.0 0.0 0.0 0.0 0.0 0.0
120 2.6560877829466947e+17 15.436469962785752 2197.9583519949979 0.0 0.0 0.0 0.0 0.0 0.0
121 2.6560877829466947e+17 15.436469962785752 2221.0621695447962 0.0 0.0 0.0 0.0 0.0 0.0
122 2.6560877829466947e+17 15.436469962785752 2243.2582105329438 0.0 0.0 0.0 0.0 0.0 0.0
123 2.6560877829466947e+17 15.436469962785752 2264.0709943807051 0.0 0.0 0.0 0.0 0.0 0.0
124 2.6560877829466947e+17 15.436469962785752 2283.5519650850451 0.0 0.0 0.0 0.0 0.0 0.0
125 2.6560877829466947e+17 15.436469962785752 2301.3215414737915 0.0 0.0 0.0 0.0 0.0 0.0
126 2.6560877829466947e+17 15.436469962785752 2317.0506063676112 0.0 0.0 0.0 0.0 0.0 0.0
127 2.6560877829466947e+17 15.436469962785752 2330.9729843362679 0.0 0.0 0.0 0.0 0.0 0.0
128 2.6560877829466947e+17 15.436469962785752 2342.4080495011303 0.0 0.0 0.0 0.0 0.0 0.0
129 2.6560877829466947e+17 15.436469962785752 2329.0939313835433 0.0 0.0 0.0 0.0 0.0 0.0
130 2.6560877829466947e+17 15.436469962785752 2313.7316062039399 0.0 0.0 0.0 0.0 0.0 0.0
131 2.6560877829466947e+17 15.436469962785752 2296.6110526811517 0.0 0.0 0.0 0.0 0.0 0.0
132 2.6560877829466947e+17 15.436469962785752 2277.6759125273666 0.0 0.0 0.0 0.0 0.0 0.0
133 2.6560877829466947e+17 15.436469962785752 2256.8081463955941 0.0 0.0 0.0 0.0 0.0 0.0
134 2.6560877829466947e+17 15.436469962785752 2234.420467612028 0.0 0.0 0.0 0.0 0.0 0.0
135 2.6560877829466947e+17 15.436469962785752 2210.9503902589568 0.0 0.0 0.0 0.0 0.0 0.0
136 2.6560877829466947e+17 15.436469962785752 2186.7513513232147 0.0 0.0 0.0 0.0 0.0 0.0
137 2.6560877829466947e+17 15.436469962785752 2162.3962423937292 0.0 0.0 0.0 0.0 0.0 0.0
138 2.6560877829466947e+17 15.436469962785752 2138.2180144200111 0.0 0.0 0.0 0.0 0.0 0.0
139 2.6560877829466947e+17 15.436469962785752 2115.2796793184834 0.0 0.0 0.0 0.0 0.0 0.0
140 2.6560877829466947e+17 15.436469962785752 2093.5924503307929 0.0 0.0 0.0 0.0 0.0 0.0
141 2.6560877829466947e+17 15.436469962785752 2074.1951808839076 0.0 0.0 0.0 0.0 0.0 0.0
142 2.6560877829466947e+17 15.436469962785752 2057.5276900843191 0.0 0.0 0.0 0.0 0.0 0.0
143 2.6560877829466947e+17 15.436469962785752 2043.7204457871537 0.0 0.0 0.0 0.023746234272550737 0.0 0.023746234272550737
144 2.6560877829466947e+17 15.460216197058303 2027.0651112106802 0.0 0.0 0.0 0.0 0.0 0.023746234272550737
145 2.6560877829466947e+17 15.460216197058303 2009.9396923658842 0.0 0.0 0.0 0.0 0.0 0.0
146 2.6560877829466947e+17 15.460216197058303 1997.4038836690352 0.0 0.0 0.0 0.0 0.0 0.0
147 2.6560877829466947e+17 15.460216197058303 1991.2575249048732 0.0 0.0 0.0 0.0 0.0 0.0
148 2.6560877829466947e+17 15.460216197058303 1993.2357145977358 0.0 0.0 0.0 0.0 0.0 0.0
149 2.6560877829466947e+17 15.460216197058303 2005.0783580918464 0.0 0.0 0.0 0.0 0.0 0.0
150 2.6560877829466947e+17 15.460216197058303 2028.8794185257325 0.0 0.0 0.0 0.0 0.0 0.0
151 2.6560877829466947e+17 15.460216197058303 2067.2107593120363 0.0 0.0 0.0 0.023746234272548961 0.0 0.023746234272548961
152 2.6560877829466947e+17 15.483962431330852 2107.8971175860083 0.0 0.0 0.0 0.0 0.0 0.0
153 2.6560877829466947e+17 15.483962431330852 2163.6894693251893 0.0 0.0 0.0 0.0 0.0 0.0
154 2.6560877829466947e+17 15.483962431330852 2241.5114256501101 0.0 0.0 0.0 0.0 0.0 0.0
155 2.6560877829466947e+17 15.483962431330852 2345.3657825973987 0.0 0.0 0.0 0.0 0.0 0.0
156 2.6997953959109018e+17 15.436469962785752 2480.8038667063674 4370761296420704.0 0.047492468545099698 4370761296420704.0 0.047492468545099698 4370761296420704.0 0.047492468545099698
157 2.6997953959109018e+17 15.460216197058303 2607.7190884749402 0.0 0.0 0.0 0.0 0.0 0.0
158 2.7442222454317066e+17 15.412723728513203 2761.8118301200166 0.0 0.0 0.0 0.0 0.0 0.0
159 2.7442222454317066e+17 15.412723728513203 2954.9218102550285 0.0 0.0 0.0 0.0 0.0 0.0
160 2.7893801670038726e+17 15.388977494240653 3156.4786952948089 0.0 0.0 0.0 0.0 0.0 0.0
161 2.8352811908827533e+17 15.341485025695553 3387.4056904299082 0.0 0.0 0.0 0.0 0.0 0.0
162 2.8819375452892016e+17 15.317738791423002 3657.9901938613207 0.0 0.0 0.0 0.0 4665635440644832.0 0.023746234272550737
163 2.8819375452892016e+17 15.317738791423002 3930.5297974894333 0.0 0.0 0.0 0.0 4742411437801696.0 0.047492468545099698
164 2.9293616596672186e+17 15.270246322877902 4233.959990604897 0.0 0.0 0.0 0.0 0.0 0.0
165 2.9775661679952064e+17 15.246500088605352 4553.1268420721035 0.0 0.0 0.0 0.0 0.0 0.0
166 3.0265639121517152e+17 15.199007620060252 4895.7906545176938 0.0 0.0 0.0 0.0 4899774415650880.0 0.047492468545099698
167 3.076367945336544e+17 15.175261385787701 5265.3019207832876 4980403318482880.0 0.023746234272550737 4980403318482880.0 0.023746234272550737 4980403318482880.0 0.047492468545101474
168 3.076367945336544e+17 15.175261385787701 5623.0651953753204 0.0 0.0 0.0 0.0 0.0 0.0
169 3.1269915355482688e+17 15.127768917242602 6016.8166655339473 0.0 0.0 0.0 0.0 0.0 0.0
170 3.1784481691187405e+17 15.104022682970053 6423.1742821844236 0.0 0.0 0.0 0.0 0.0 0.0
171 3.1784481691187405e+17 15.104022682970053 6833.9719153011674 0.0 0.0 0.0 0.0 5230338518725888.0 0.047492468545101474
172 3.2307515543059994e+17 15.056530214424951 7264.3890234676019 0.0 0.0 0.0 0.0 0.0 0.0
173 3.2839156249461862e+17 15.032783980152402 7690.1304613066786 0.0 0.0 0.0 0.0 0.0 0.0
174 3.2839156249461862e+17 15.032783980152402 8129.338948033037 0.0 0.0 5403891921938752.0 0.047492468545101474 5403891921938752.0 0.047492468545101474
175 3.3379545441655738e+17 14.985291511607301 8573.0745270515272 0.0 0.0 0.0 0.023746234272550737 0.0 0.023746234272550737
176 3.3928827081536813e+17 14.961545277334752 8992.1871534085785 0.0 0.0 0.0 0.0 0.0 0.0
177 3.3928827081536813e+17 14.961545277334752 9428.5383024441344 0.0 0.0 5583204184479552.0 0.047492468545099698 5583204184479552.0 0.047492468545099698
178 3.4487147499984768e+17 14.937799043062201 9850.5561516134385 0.0 0.0 0.0 0.023746234272548961 5675079358621888.0 0.047492468545099698
179 3.5054655435846957e+17 14.890306574517101 10239.831448099438 0.0 0.0 0.0 0.0 0.0 0.0
180 3.5054655435846957e+17 14.890306574517101 10632.766207194081 0.0 0.0 0.0 0.0 5768466397160384.0 0.047492468545101474
181 3.5631502075562995e+17 14.866560340244551 11006.280934001972 0.0 0.0 0.0 0.023746234272550737 0.0 0.023746234272550737
182 3.6217841093441491e+17 14.819067871699451 11345.560157808919 0.0 0.0 5863390178784960.0 0.047492468545099698 5863390178784960.0 0.047492468545099698
183 3.6217841093441491e+17 14.819067871699451 11655.780155027596 0.0 0.0 0.0 0.0 0.0 0.0
184 3.6217841093441491e+17 14.819067871699451 11952.565567632964 0.0 0.0 0.0 0.0 0.0 0.0
185 3.6813828692599488e+17 14.795321637426902 12220.75674051044 0.0 0.0 0.0 0.023746234272550737 5959875991579968.0 0.047492468545099698
186 3.6813828692599488e+17 14.795321637426902 12440.229874985174 0.0 0.0 0.0 0.0 0.0 0.0
187 3.6813828692599488e+17 14.795321637426902 12634.298273210858 0.0 0.0 6057949539761280.0 0.047492468545101474 6057949539761280.0 0.047492468545101474
188 3.7419623646575616e+17 14.7478291688818 12790.939158205123 0.0 0.0 0.0 0.0 6057949539761280.0 0.047492468545101474
189 3.7419623646575616e+17 14.7478291688818 12913.609564657087 0.0 0.0 0.0 0.0 0.0 0.0
190 3.7419623646575616e+17 14.7478291688818 13005.948920586468 0.0 0.0 0.0 0.0 0.0 0.0
191 3.7419623646575616e+17 14.7478291688818 13067.455253190095 0.0 0.0 0.0 0.0 0.0 0.0
192 3.7419623646575616e+17 14.7478291688818 13098.069521947909 0.0 0.0 0.0 0.0 0.0 0.0
193 3.7419623646575616e+17 14.7478291688818 13097.158390193883 0.0 0.0 0.0 0.0 0.0 0.0
194 3.7419623646575616e+17 14.7478291688818 13064.863370506077 0.0 0.0 0.0 0.0 0.0 0.0
195 3.7419623646575616e+17 14.7478291688818 13002.29602002078 0.0 0.0 0.0 0.0 0.0 0.0
196 3.7419623646575616e+17 14.7478291688818 12909.217281278005 0.0 0.0 0.0 0.0 0.0 0.0
197 3.7419623646575616e+17 14.7478291688818 12786.872062260371 0.0 0.0 6057949539761280.0 0.047492468545101474 6057949539761280.0 0.047492468545101474
198 3.6813828692599488e+17 14.795321637426902 12625.406222441139 0.0 0.0 0.0 0.0 6057949539761280.0 0.047492468545101474
199 3.6813828692599488e+17 14.795321637426902 12433.132915416887 0.0 0.0 0.0 0.0 0.0 0.0
200 3.6217841093441491e+17 14.819067871699451 12209.106456498865 0.0 0.0 5959875991579968.0 0.047492468545099698 5959875991579968.0 0.047492468545099698
201 3.6217841093441491e+17 14.819067871699451 11935.698628819742 0.0 0.0 0.0 0.0 0.0 0.0
202 3.6217841093441491e+17 14.819067871699451 11644.043629156487 0.0 0.0 0.0 0.0 0.0 0.0
203 3.5631502075562995e+17 14.866560340244551 11335.736216112706 0.0 0.0 5863390178784960.0 0.047492468545099698 5863390178784960.0 0.047492468545099698
204 3.5631502075562995e+17 14.842814105972 10995.386474906107 0.0 0.0 0.0 0.023746234272550737 5768466397160384.0 0.047492468545101474
205 3.5054655435846957e+17 14.890306574517101 10615.929053899717 0.0 0.0 0.0 0.0 0.0 0.0
206 3.5054655435846957e+17 14.890306574517101 10232.104633529379 0.0 0.0 0.0 0.0 0.0 0.0
207 3.4487147499984768e+17 14.914052808789652 9839.0731353829215 0.0 0.0 0.0 0.023746234272548961 0.0 0.023746234272548961
208 3.3928827081536813e+17 14.961545277334752 9412.6256537208228 0.0 0.0 0.0 0.0 5583204184479552.0 0.047492468545099698
209 3.3928827081536813e+17 14.961545277334752 8985.0015893990276 0.0 0.0 0.0 0.0 0.0 0.0
210 3.3379545441655738e+17 14.985291511607301 8558.9197236306754 0.0 0.0 0.0 0.0 0.0 0.023746234272550737
211 3.2839156249461862e+17 15.032783980152402 8116.571874554581 0.0 0.0 0.0 0.0 5403891921938752.0 0.047492468545101474
212 3.2839156249461862e+17 15.032783980152402 7684.9167976420867 0.0 0.0 0.0 0.0 0.0 0.0
213 3.2307515543059994e+17 15.056530214424951 7254.2468622874258 0.0 0.0 0.0 0.0 0.0 0.0
214 3.1784481691187405e+17 15.104022682970053 6824.876465569012 0.0 0.0 0.0 0.0 0.0 0.0
215 3.1784481691187405e+17 15.104022682970053 6419.2965392768201 0.0 0.0 0.0 0.0 0.0 0.0
216 3.1269915355482688e+17 15.127768917242602 6008.7371730302511 0.0 0.0 0.0 0.0 0.0 0.0
217 3.076367945336544e+17 15.175261385787701 5614.8640182364124 0.0 0.0 0.0 0.0 0.0 0.0
218 3.0265639121517152e+17 15.199007620060252 5253.7406881421393 0.0 0.0 0.0 0.0 4980403318482880.0 0.047492468545101474
219 3.0265639121517152e+17 15.199007620060252 4886.5457790180926 0.0 0.0 4899774415650880.0 0.047492468545099698 4899774415650880.0 0.047492468545099698
220 2.9775661679952064e+17 15.246500088605352 4543.2435455993746 0.0 0.0 0.0 0.0 0.0 0.0
221 2.9293616596672186e+17 15.270246322877902 4218.7502279720347 0.0 0.0 0.0 0.0 0.0 0.0
222 2.8819375452892016e+17 15.317738791423002 3915.07142213213 0.0 0.0 0.0 0.0 0.0 0.0
223 2.8352811908827533e+17 15.341485025695553 3646.6252977931854 4665635440644832.0 0.023746234272550737 4665635440644832.0 0.023746234272550737 4665635440644832.0 0.047492468545101474
224 2.8352811908827533e+17 15.341485025695553 3373.0359645993144 0.0 0.0 0.0 0.0 0.0 0.0
225 2.7893801670038726e+17 15.388977494240653 3143.2445245534295 0.0 0.0 0.0 0.0 0.0 0.0
226 2.7442222454317066e+17 15.412723728513203 2938.0316332100238 0.0 0.0 0.0 0.0 0.0 0.0
227 2.7442222454317066e+17 15.412723728513203 2751.2651965082105 0.0 0.0 0.0 0.0 0.0 0.0
228 2.6997953959109018e+17 15.460216197058303 2597.7098346338626 0.0 0.0 0.0 0.0 0.0 0.0
229 2.6560877829466947e+17 15.483962431330852 2466.9006102267517 0.0 0.0 4370761296420704.0 0.047492468545099698 4370761296420704.0 0.047492468545099698
230 2.6560877829466947e+17 15.483962431330852 2333.8150600858999 0.0 0.0 0.0 0.0 0.0 0.0
231 2.6560877829466947e+17 15.483962431330852 2232.6440430972543 0.0 0.0 0.0 0.0 0.0 0.0
232 2.6560877829466947e+17 15.483962431330852 2156.9334810169689 0.0 0.0 0.0 0.0 0.0 0.0
233 2.6560877829466947e+17 15.483962431330852 2102.9996625390959 0.0 0.0 0.0 0.0 0.0 0.023746234272548961
234 2.6560877829466947e+17 15.460216197058303 2059.2436696353079 0.0 0.0 0.0 0.0 0.0 0.023746234272548961
235 2.6560877829466947e+17 15.460216197058303 2022.5897924035312 0.0 0.0 0.0 0.0 0.0 0.0
236 2.6560877829466947e+17 15.460216197058303 2000.3631686642261 0.0 0.0 0.0 0.0 0.0 0.0
237 2.6560877829466947e+17 15.460216197058303 1989.9797910954321 0.0 0.0 0.0 0.0 0.0 0.0
238 2.6560877829466947e+17 15.460216197058303 1989.375055589785 0.0 0.0 0.0 0.0 0.0 0.0
239 2.6560877829466947e+17 15.460216197058303 1996.7263301997477 0.0 0.0 0.0 0.0 0.0 0.0
240 2.6560877829466947e+17 15.460216197058303 2010.3952408802988 0.0 0.0 0.0 0.0 0.0 0.0
241 2.6560877829466947e+17 15.460216197058303 2028.6211404078113 0.0 0.0 0.0 0.023746234272550737 0.0 0.023746234272550737
242 2.6560877829466947e+17 15.436469962785752 2042.7542799271876 0.0 0.0 0.0 0.0 0.0 0.023746234272550737
243 2.6560877829466947e+17 15.436469962785752 2057.821490039822 0.0 0.0 0.0 0.0 0.0 0.0
244 2.6560877829466947e+17 15.436469962785752 2075.6747342952995 0.0 0.0 0.0 0.0 0.0 0.0
245 2.6560877829466947e+17 15.436469962785752 2096.1020635691239 0.0 0.0 0.0 0.0 0.0 0.0
246 2.6560877829466947e+17 15.436469962785752 2118.6053448610346 0.0 0.0 0.0 0.0 0.0 0.0
247 2.6560877829466947e+17 15.436469962785752 2142.176313992115 0.0 0.0 0.0 0.0 0.0 0.0
248 2.6560877829466947e+17 15.436469962785752 2166.806334938884 0.0 0.0 0.0 0.0 0.0 0.0
249 2.6560877829466947e+17 15.436469962785752 2191.3416652379356 0.0 0.0 0.0 0.0 0.0 0.0
250 2.6560877829466947e+17 15.436469962785752 2215.5234809600179 0.0 0.0 0.0 0.0 0.0 0.0
251 2.6560877829466947e+17 15.436469962785752 2238.7662818622375 0.0 0.0 0.0 0.0 0.0 0.0
252 2.6560877829466947e+17 15.436469962785752 2260.7650261960398 0.0 0.0 0.0 0.0 0.0 0.0
253 2.6560877829466947e+17 15.436469962785752 2281.0939156351142 0.0 0.0 0.0 0.0 0.0 0.0
254 2.6560877829466947e+17 15.436469962785752 2299.432999224894 0.0 0.0 0.0 0.0 0.0 0.0
255 2.6560877829466947e+17 15.436469962785752 2315.8894143009766 0.0 0.0 0.0 0.0 0.0 0.0
256 2.6560877829466947e+17 15.436469962785752 2329.4802308358467 0.0 0.0 0.0 0.0 0.0 0.0
257 2.6560877829466947e+17 15.436469962785752 2313.7475172942932 0.0 0.0 0.0 0.0 0.0 0.0
258 2.6560877829466947e+17 15.436469962785752 2295.8034277074603 0.0 0.0 0.0 0.0 0.0 0.0
259 2.6560877829466947e+17 15.436469962785752 2276.0749932729836 0.0 0.0 0.0 0.0 0.0 0.0
260 2.6560877829466947e+17 15.436469962785752 2254.5589857523228 0.0 0.0 0.0 0.0 0.0 0.0
261 2.6560877829466947e+17 15.436469962785752 2231.3733364924665 0.0 0.0 0.0 0.0 0.0 0.0
262 2.6560877829466947e+17 15.436469962785752 2206.9083472481607 0.0 0.0 0.0 0.0 0.0 0.0
263 2.6560877829466947e+17 15.436469962785752 2181.8417117445179 0.0 0.0 0.0 0.0 0.0 0.0
264 2.6560877829466947e+17 15.436469962785752 2156.614155843733 0.0 0.0 0.0 0.0 0.0 0.0
265 2.6560877829466947e+17 15.436469962785752 2131.9573806060935 0.0 0.0 0.0 0.0 0.0 0.0
266 2.6560877829466947e+17 15.436469962785752 2107.9811690200859 0.0 0.0 0.0 0.0 0.0 0.0
267 2.6560877829466947e+17 15.436469962785752 2086.0710172442014 0.0 0.0 0.0 0.0 0.0 0.0
268 2.6560877829466947e+17 15.436469962785752 2066.2425811134235 0.0 0.0 0.0 0.0 0.0 0.0
269 2.6560877829466947e+17 15.436469962785752 2049.8633960969 0.0 0.0 0.0 0.0 0.0 0.023746234272550737
270 2.6560877829466947e+17 15.460216197058303 2036.6397336295522 0.0 0.023746234272550737 0.0 0.023746234272550737 0.0 0.023746234272550737
271 2.6560877829466947e+17 15.460216197058303 2016.7426221339151 0.0 0.0 0.0 0.0 0.0 0.0
272 2.6560877829466947e+17 15.460216197058303 2001.8838513394035 0.0 0.0 0.0 0.0 0.0 0.0
273 2.6560877829466947e+17 15.460216197058303 1992.9788117142593 0.0 0.0 0.0 0.0 0.0 0.0
274 2.6560877829466947e+17 15.460216197058303 1991.7805724811583 0.0 0.0 0.0 0.0 0.0 0.0
275 2.6560877829466947e+17 15.460216197058303 2000.6049654059889 0.0 0.0 0.0 0.0 0.0 0.0
276 2.6560877829466947e+17 15.460216197058303 2021.8347876188082 0.0 0.0 0.0 0.0 0.0 0.0
277 2.6560877829466947e+17 15.460216197058303 2058.0118281528398 0.0 0.0 0.0 0.0 0.0 0.023746234272548961
278 2.6560877829466947e+17 15.483962431330852 2100.5092853172023 0.0 0.0 0.0 0.0 0.0 0.0
279 2.6560877829466947e+17 15.483962431330852 2156.9011725016626 0.0 0.0 0.0 0.0 0.0 0.0
280 2.6560877829466947e+17 15.483962431330852 2237.401255651509 0.0 0.0 0.0 0.0 0.0 0.0
281 2.6560877829466947e+17 15.483962431330852 2347.4841930597945 0.0 0.0 0.0 0.0 0.0 0.0
282 2.6997953959109018e+17 15.460216197058303 2487.9373286935906 0.0 0.023746234272550737 4370761296420704.0 0.047492468545099698 4370761296420704.0 0.047492468545099698
283 2.6997953959109018e+17 15.460216197058303 2619.5156082157782 0.0 0.0 0.0 0.0 0.0 0.0
284 2.7442222454317066e+17 15.412723728513203 2777.6930119389335 0.0 0.0 0.0 0.0 0.0 0.0
285 2.7442222454317066e+17 15.412723728513203 2984.5430435176863 0.0 0.0 4515792157216608.0 0.023746234272550737 4515792157216608.0 0.047492468545101474
286 2.7893801670038726e+17 15.388977494240653 3194.7101404644004 0.0 0.0 0.0 0.0 0.0 0.0
287 2.8352811908827533e+17 15.341485025695553 3445.6182369862377 0.0 0.0 0.0 0.0 0.0 0.0
288 2.8819375452892016e+17 15.317738791423002 3732.2455458929576 0.0 0.0 0.0 0.0 0.0 0.0
289 2.9293616596672186e+17 15.270246322877902 4044.7131490328252 0.0 0.0 0.0 0.0 4742411437801696.0 0.047492468545099698
290 2.9775661679952064e+17 15.246500088605352 4398.0348609608409 0.0 0.0 0.0 0.0 4820450832798784.0 0.023746234272550737
291 2.9775661679952064e+17 15.246500088605352 4759.0678059422653 0.0 0.0 0.0 0.0 4899774415650880.0 0.047492468545099698
292 3.0265639121517152e+17 15.199007620060252 5160.9186357997505 0.0 0.0 0.0 0.0 0.0 0.023746234272550737
293 3.076367945336544e+17 15.175261385787701 5570.0555435180504 0.0 0.0 0.0 0.0 0.0 0.0
294 3.1269915355482688e+17 15.127768917242602 6017.9036484140279 0.0 0.0 0.0 0.0 0.0 0.0
295 3.1784481691187405e+17 15.104022682970053 6477.784583913296 0.0 0.0 0.0 0.0 0.0 0.0
296 3.2307515543059994e+17 15.056530214424951 6966.0639612023679 0.0 0.0 5230338518725888.0 0.047492468545101474 5230338518725888.0 0.047492468545101474
297 3.2839156249461862e+17 15.032783980152402 7475.9350548889779 0.0 0.0 5316407064018688.0 0.047492468545099698 5316407064018688.0 0.047492468545099698
298 3.2839156249461862e+17 15.032783980152402 7979.5223501554274 0.0 0.0 0.0 0.0 0.0 0.0
299 3.3379545441655738e+17 14.985291511607301 8519.5575228011203 0.0 0.0 0.0 0.0 0.0 0.0
300 3.3928827081536813e+17 14.961545277334752 9051.0953244605353 0.0 0.0 0.0 0.0 0.0 0.0
301 3.4487147499984768e+17 14.914052808789652 9605.2862463128859 0.0 0.0 5583204184479552.0 0.047492468545099698 5583204184479552.0 0.047492468545099698
302 3.5054655435846957e+17 14.890306574517101 10154.718542680444 0.0 0.0 5675079358621888.0 0.047492468545099698 5675079358621888.0 0.047492468545099698
303 3.5054655435846957e+17 14.890306574517101 10688.600284562397 0.0 0.0 0.0 0.0 0.0 0.0
304 3.5631502075562995e+17 14.842814105972 11243.587094490849 0.0 0.023746234272550737 0.0 0.023746234272550737 0.0 0.023746234272550737
305 3.6217841093441491e+17 14.819067871699451 11759.026182607193 0.0 0.0 0.0 0.0 0.0 0.0
306 3.6217841093441491e+17 14.819067871699451 12284.8152010023 0.0 0.0 0.0 0.0 5959875991579968.0 0.047492468545099698
307 3.6813828692599488e+17 14.795321637426902 12781.85115579726 0.0 0.0 0.0 0.0 6057949539761280.0 0.047492468545101474
308 3.7419623646575616e+17 14.7478291688818 13249.884229027997 0.0 0.0 0.0 0.0 0.0 0.0
309 3.7419623646575616e+17 14.7478291688818 13718.361520345867 0.0 0.0 0.0 0.0 6157636950524032.0 0.047492468545099698
310 3.8035387341628019e+17 14.72408293460925 14135.843282148559 0.0 0.0 0.0 0.0 0.0 0.0
311 3.866128381972832e+17 14.676590466064152 14528.062460258263 0.0 0.0 0.0 0.0 0.0 0.0
312 3.866128381972832e+17 14.676590466064152 14892.752924189774 0.0 0.0 0.0 0.0 0.0 0.0
313 3.9297479822263053e+17 14.652844231791601 15224.629760309967 0.0 0.0 0.0 0.0 0.0 0.0
314 3.9297479822263053e+17 14.652844231791601 15502.267796247605 0.0 0.0 0.0 0.0 0.0 0.0
315 3.9297479822263053e+17 14.652844231791601 15750.185581018297 0.0 0.0 6466650121912320.0 0.047492468545101474 6466650121912320.0 0.047492468545101474
316 3.9944144834454285e+17 14.6053517632465 15952.327510805644 0.0 0.0 0.0 0.0 6466650121912320.0 0.047492468545101474
317 3.9944144834454285e+17 14.6053517632465 16112.52310698272 0.0 0.0 0.0 0.0 0.0 0.0
318 3.9944144834454285e+17 14.6053517632465 16233.152026570695 0.0 0.0 0.0 0.0 0.0 0.0
319 3.9944144834454285e+17 14.6053517632465 16313.249345075983 0.0 0.0 0.0 0.0 0.0 0.0
320 3.9944144834454285e+17 14.6053517632465 16351.848643519394 0.0 0.0 0.0 0.0 6573062960568512.0 0.023746234272548961
321 3.9944144834454285e+17 14.6053517632465 16349.122459249993 0.0 0.0 0.0 0.0 6573062960568512.0 0.023746234272548961
322 3.9944144834454285e+17 14.6053517632465 16305.265537325649 0.0 0.0 0.0 0.0 0.0 0.0
323 3.9944144834454285e+17 14.6053517632465 16220.754509354325 0.0 0.0 0.0 0.0 0.0 0.0
324 3.9944144834454285e+17 14.6053517632465 16096.415883969035 0.0 0.0 0.0 0.0 0.0 0.0
325 3.9944144834454285e+17 14.6053517632465 15934.282108816662 0.0 0.0 6466650121912320.0 0.047492468545101474 6466650121912320.0 0.047492468545101474
326 3.9297479822263053e+17 14.652844231791601 15725.629879849541 0.0 0.0 0.0 0.0 6466650121912320.0 0.047492468545101474
327 3.9297479822263053e+17 14.652844231791601 15479.011462031991 0.0 0.0 0.0 0.0 0.0 0.0
328 3.866128381972832e+17 14.676590466064152 15199.107243190525 0.0 0.0 6361960025347328.0 0.023746234272550737 6361960025347328.0 0.023746234272550737
329 3.866128381972832e+17 14.676590466064152 14859.522657048868 0.0 0.0 0.0 0.0 0.0 0.0
330 3.866128381972832e+17 14.676590466064152 14502.17914865141 0.0 0.0 6258964781003008.0 0.047492468545097921 6258964781003008.0 0.047492468545097921
331 3.8035387341628019e+17 14.72408293460925 14109.929784182717 0.0 0.0 0.0 0.0 0.0 0.0
332 3.7419623646575616e+17 14.7478291688818 13681.994095221296 0.0 0.0 0.0 0.0 0.0 0.0
333 3.7419623646575616e+17 14.7478291688818 13225.743715875011 0.0 0.0 0.0 0.0 0.0 0.0
334 3.6813828692599488e+17 14.795321637426902 12760.936532115784 0.0 0.0 0.0 0.0 0.0 0.023746234272550737
335 3.6217841093441491e+17 14.819067871699451 12256.086073121256 0.0 0.0 0.0 0.0 0.0 0.0
336 3.6217841093441491e+17 14.819067871699451 11744.295617010765 0.0 0.0 0.0 0.0 5863390178784960.0 0.047492468545099698
337 3.5631502075562995e+17 14.842814105972 11222.096764854381 0.0 0.0 0.0 0.0 5768466397160384.0 0.047492468545101474
338 3.5054655435846957e+17 14.890306574517101 10671.33864855832 0.0 0.0 0.0 0.0 0.0 0.0
339 3.4487147499984768e+17 14.937799043062201 10145.477188081541 0.0 0.023746234272548961 5675079358621888.0 0.047492468545099698 5675079358621888.0 0.047492468545099698
340 3.3928827081536813e+17 14.961545277334752 9590.324000474604 0.0 0.0 5583204184479552.0 0.047492468545099698 5583204184479552.0 0.047492468545099698
341 3.3928827081536813e+17 14.961545277334752 9045.2144440361062 0.0 0.0 0.0 0.0 0.0 0.0
342 3.3379545441655738e+17 14.985291511607301 8509.7193459180489 0.0 0.0 0.0 0.0 0.0 0.0
343 3.2839156249461862e+17 15.032783980152402 7972.6794111300314 0.0 0.0 0.0 0.0 0.0 0.0
344 3.2307515543059994e+17 15.056530214424951 7470.7781363821905 0.0 0.0 0.0 0.023746234272550737 5316407064018688.0 0.047492468545099698
345 3.1784481691187405e+17 15.104022682970053 6960.9578487357485 5230338518725888.0 0.047492468545101474 5230338518725888.0 0.047492468545101474 5230338518725888.0 0.047492468545101474
346 3.1784481691187405e+17 15.104022682970053 6475.9511209127122 0.0 0.0 0.0 0.0 0.0 0.0
347 3.1269915355482688e+17 15.127768917242602 6010.9571197668793 0.0 0.0 0.0 0.0 0.0 0.0
348 3.076367945336544e+17 15.175261385787701 5563.1023191001914 0.0 0.0 0.0 0.0 0.0 0.0
349 3.0265639121517152e+17 15.199007620060252 5147.9203531501353 0.0 0.0 0.0 0.0 0.0 0.0
350 2.9775661679952064e+17 15.246500088605352 4745.6483262947268 0.0 0.0 0.0 0.0 0.0 0.0
351 2.9293616596672186e+17 15.270246322877902 4386.2733725452626 0.0 0.0 4820450832798784.0 0.023746234272550737 4820450832798784.0 0.047492468545099698
352 2.9293616596672186e+17 15.270246322877902 4031.5919321607071 0.0 0.0 4742411437801696.0 0.047492468545099698 4742411437801696.0 0.047492468545099698
353 2.8819375452892016e+17 15.317738791423002 3720.3206795778565 0.0 0.0 0.0 0.0 0.0 0.0
354 2.8352811908827533e+17 15.341485025695553 3429.2959055109186 0.0 0.0 0.0 0.0 0.0 0.0
355 2.7893801670038726e+17 15.388977494240653 3180.3552042430324 0.0 0.0 0.0 0.0 0.0 0.0
356 2.7442222454317066e+17 15.412723728513203 2966.36010361842 0.0 0.0 0.0 0.0 0.0 0.0
357 2.7442222454317066e+17 15.412723728513203 2766.5603458272071 0.0 0.0 0.0 0.0 0.0 0.0
358 2.6997953959109018e+17 15.460216197058303 2608.531434826963 0.0 0.0 0.0 0.0 0.0 0.0
359 2.6560877829466947e+17 15.483962431330852 2475.7920801016376 4370761296420704.0 0.047492468545099698 4370761296420704.0 0.047492468545099698 4370761296420704.0 0.047492468545099698
360 2.6560877829466947e+17 15.483962431330852 2333.8277458273101 0.0 0.0 0.0 0.0 0.0 0.0
361 2.6560877829466947e+17 15.483962431330852 2226.6335790324488 0.0 0.0 0.0 0.0 0.0 0.0
362 2.6560877829466947e+17 15.483962431330852 2148.5643283061636 0.0 0.0 0.0 0.0 0.0 0.0
363 2.6560877829466947e+17 15.483962431330852 2094.4798659567487 0.0 0.0 0.0 0.0 0.0 0.023746234272548961
364 2.6560877829466947e+17 15.460216197058303 2048.9019333230526 0.0 0.0 0.0 0.0 0.0 0.0
365 2.6560877829466947e+17 15.460216197058303 2014.6596901111216 0.0 0.0 0.0 0.0 0.0 0.0
366 2.6560877829466947e+17 15.460216197058303 1995.1662568897564 0.0 0.0 0.0 0.0 0.0 0.0
367 2.6560877829466947e+17 15.460216197058303 1987.8997713542449 0.0 0.0 0.0 0.0 0.0 0.0
368 2.6560877829466947e+17 15.460216197058303 1990.530753705098 0.0 0.0 0.0 0.0 0.0 0.0
369 2.6560877829466947e+17 15.460216197058303 2000.7380509364316 0.0 0.0 0.0 0.0 0.0 0.0
370 2.6560877829466947e+17 15.460216197058303 2016.8786582000739 0.0 0.0 0.0 0.0 0.0 0.023746234272550737
371 2.6560877829466947e+17 15.436469962785752 2035.2050561837698 0.0 0.0 0.0 0.023746234272550737 0.0 0.023746234272550737
372 2.6560877829466947e+17 15.436469962785752 2049.0357478135193 0.0 0.0 0.0 0.0 0.0 0.0
373 2.6560877829466947e+17 15.436469962785752 2066.7992756994004 0.0 0.0 0.0 0.0 0.0 0.0
374 2.6560877829466947e+17 15.436469962785752 2087.8492666552511 0.0 0.0 0.0 0.0 0.0 0.0
375 2.6560877829466947e+17 15.436469962785752 2110.7483902192562 0.0 0.0 0.0 0.0 0.0 0.0
376 2.6560877829466947e+17 15.436469962785752 2135.5380047120971 0.0 0.0 0.0 0.0 0.0 0.0
377 2.6560877829466947e+17 15.436469962785752 2160.7256741683923 0.0 0.0 0.0 0.0 0.0 0.0
378 2.6560877829466947e+17 15.436469962785752 2186.2532790524474 0.0 0.0 0.0 0.0 0.0 0.0
379 2.6560877829466947e+17 15.436469962785752 2211.3385526625184 0.0 0.0 0.0 0.0 0.0 0.0
380 2.6560877829466947e+17 15.436469962785752 2235.6495066498419 0.0 0.0 0.0 0.0 0.0 0.0
381 2.6560877829466947e+17 15.436469962785752 2258.4772700280728 0.0 0.0 0.0 0.0 0.0 0.0
382 2.6560877829466947e+17 15.436469962785752 2279.4625138830943 0.0 0.0 0.0 0.0 0.0 0.0
383 2.6560877829466947e+17 15.436469962785752 2298.5942990023095 0.0 0.0 0.0 0.0 0.0 0.0
384 2.6560877829466947e+17 15.436469962785752 2314.8333779299037 0.0 0.0 0.0 0.0 0.0 0.0
385 2.6560877829466947e+17 15.436469962785752 2296.4552863980771 0.0 0.0 0.0 0.0 0.0 0.0
386 2.6560877829466947e+17 15.436469962785752 2275.9598680098452 0.0 0.0 0.0 0.0 0.0 0.0
387 2.6560877829466947e+17 15.436469962785752 2253.706193685337 0.0 0.0 0.0 0.0 0.0 0.0
388 2.6560877829466947e+17 15.436469962785752 2229.8107542894486 0.0 0.0 0.0 0.0 0.0 0.0
389 2.6560877829466947e+17 15.436469962785752 2204.4561728189301 0.0 0.0 0.0 0.0 0.0 0.0
390 2.6560877829466947e+17 15.436469962785752 2178.2538195966504 0.0 0.0 0.0 0.0 0.0 0.0
391 2.6560877829466947e+17 15.436469962785752 2152.2139849741425 0.0 0.0 0.0 0.0 0.0 0.0
392 2.6560877829466947e+17 15.436469962785752 2126.6772610710414 0.0 0.0 0.0 0.0 0.0 0.0
393 2.6560877829466947e+17 15.436469962785752 2102.5434792850756 0.0 0.0 0.0 0.0 0.0 0.0
394 2.6560877829466947e+17 15.436469962785752 2079.6470187158229 0.0 0.0 0.0 0.0 0.0 0.0
395 2.6560877829466947e+17 15.436469962785752 2059.859293618948 0.0 0.0 0.0 0.0 0.0 0.0
396 2.6560877829466947e+17 15.436469962785752 2043.3796145767053 0.0 0.0 0.0 0.0 0.0 0.023746234272550737
397 2.6560877829466947e+17 15.460216197058303 2026.3343849257112 0.0 0.0 0.0 0.023746234272550737 0.0 0.023746234272550737
398 2.6560877829466947e+17 15.460216197058303 2007.802869533235 0.0 0.0 0.0 0.0 0.0 0.0
399 2.6560877829466947e+17 15.460216197058303 1995.115690494853 0.0 0.0 0.0 0.0 0.0 0.0
400 2.6560877829466947e+17 15.460216197058303 1990.0766754685392 0.0 0.0 0.0 0.0 0.0 0.0
401 2.6560877829466947e+17 15.460216197058303 1994.6744703112395 0.0 0.0 0.0 0.0 0.0 0.0
402 2.6560877829466947e+17 15.460216197058303 2011.5639182439954 0.0 0.0 0.0 0.0 0.0 0.0
403 2.6560877829466947e+17 15.460216197058303 2043.5439278944741 0.0 0.0 0.0 0.0 0.0 0.0
404 2.6560877829466947e+17 15.483962431330852 2087.2246351692474 0.0 0.0 0.0 0.0 0.0 0.023746234272548961
405 2.6560877829466947e+17 15.483962431330852 2139.3415221920623 0.0 0.0 0.0 0.0 0.0 0.0
406 2.6560877829466947e+17 15.483962431330852 2217.5365364300837 0.0 0.0 0.0 0.0 0.0 0.0
407 2.6560877829466947e+17 15.483962431330852 2327.5150161137849 0.0 0.0 0.0 0.0 0.0 0.0
408 2.6997953959109018e+17 15.460216197058303 2472.5021493871691 4370761296420704.0 0.047492468545099698 4370761296420704.0 0.047492468545099698 4370761296420704.0 0.047492468545099698
409 2.6997953959109018e+17 15.460216197058303 2605.0163780589764 0.0 0.0 0.0 0.0 0.0 0.0
410 2.7442222454317066e+17 15.412723728513203 2766.5885487744099 0.0 0.0 0.0 0.0 0.0 0.0
411 2.7442222454317066e+17 15.412723728513203 2976.5452173249673 4515792157216608.0 0.023746234272550737 4515792157216608.0 0.047492468545101474 4515792157216608.0 0.047492468545101474
412 2.7893801670038726e+17 15.388977494240653 3189.9863579689536 0.0 0.0 0.0 0.0 4590102387888064.0 0.047492468545099698
413 2.8352811908827533e+17 15.341485025695553 3452.2071272360749 0.0 0.0 0.0 0.0 0.0 0.0
414 2.8819375452892016e+17 15.317738791423002 3753.3302440791963 0.0 0.0 0.0 0.0 0.0 0.0
415 2.9293616596672186e+17 15.270246322877902 4092.2660325660154 0.0 0.0 0.0 0.0 0.0 0.0
416 2.9775661679952064e+17 15.246500088605352 4469.8593069058388 0.0 0.0 0.0 0.0 0.0 0.0
417 3.0265639121517152e+17 15.199007620060252 4880.2854225198826 0.0 0.0 0.0 0.0 4899774415650880.0 0.047492468545099698
418 3.076367945336544e+17 15.175261385787701 5326.2988264280884 0.0 0.0 0.0 0.0 0.0 0.0
419 3.1269915355482688e+17 15.127768917242602 5802.0689703651506 0.0 0.0 5062359021172480.0 0.047492468545099698 5062359021172480.0 0.047492468545099698
420 3.1784481691187405e+17 15.104022682970053 6308.4581647315026 0.0 0.0 0.0 0.0 0.0 0.0
421 3.1784481691187405e+17 15.104022682970053 6840.2749802717472 0.0 0.0 5230338518725888.0 0.047492468545101474 5230338518725888.0 0.047492468545101474
422 3.2839156249461862e+17 15.032783980152402 7407.1109382389441 0.0 0.0 5316407064018688.0 0.047492468545099698 5316407064018688.0 0.047492468545099698
423 3.2839156249461862e+17 15.032783980152402 7979.6675019313197 0.0 0.0 0.0 0.0 0.0 0.0
424 3.3379545441655738e+17 15.009037745879851 8598.8925319547634 0.0 0.023746234272550737 5492816398810752.0 0.047492468545099698 5492816398810752.0 0.047492468545099698
425 3.3928827081536813e+17 14.961545277334752 9206.1019072914514 0.0 0.0 0.0 0.0 0.0 0.0
426 3.4487147499984768e+17 14.914052808789652 9860.6189409172002 0.0 0.0 0.0 0.023746234272548961 0.0 0.023746234272548961
427 3.5054655435846957e+17 14.890306574517101 10495.466158877512 0.0 0.0 0.0 0.0 0.0 0.0
428 3.5631502075562995e+17 14.842814105972 11166.97467749532 0.0 0.0 0.0 0.023746234272550737 0.0 0.023746234272550737
429 3.6217841093441491e+17 14.819067871699451 11811.547466610391 0.0 0.0 0.0 0.0 0.0 0.0
430 3.6813828692599488e+17 14.771575403154351 12487.249076505253 0.0 0.023746234272550737 5959875991579968.0 0.047492468545099698 5959875991579968.0 0.047492468545099698
431 3.7419623646575616e+17 14.7478291688818 13126.955108065062 0.0 0.0 0.0 0.0 6057949539761280.0 0.047492468545101474
432 3.7419623646575616e+17 14.7478291688818 13782.260749568763 0.0 0.0 0.0 0.0 6157636950524032.0 0.047492468545099698
433 3.8035387341628019e+17 14.72408293460925 14406.221725153464 0.0 0.0 6258964781003008.0 0.047492468545097921 6258964781003008.0 0.047492468545097921
434 3.866128381972832e+17 14.676590466064152 15017.898556289225 0.0 0.0 0.0 0.0 0.0 0.0
435 3.9297479822263053e+17 14.652844231791601 15602.87845376002 0.0 0.0 0.0 0.0 0.0 0.0
436 3.9944144834454285e+17 14.6053517632465 16167.415263836891 0.0 0.0 0.0 0.0 0.0 0.0
437 4.0601451130511136e+17 14.581605528973951 16707.632663279663 0.0 0.0 0.0 0.0 0.0 0.0
438 4.0601451130511136e+17 14.581605528973951 17204.309289464589 0.0 0.0 0.0 0.0 0.0 0.0
439 4.1269573819524026e+17 14.534113060428851 17684.015189147212 0.0 0.0 0.0 0.0 0.0 0.0
440 4.1948690892115795e+17 14.5103668261563 18106.9682193587 0.0 0.0 0.0 0.0 0.0 0.0
441 4.1948690892115795e+17 14.5103668261563 18487.477062186928 0.0 0.0 0.0 0.0 0.0 0.0
442 4.1948690892115795e+17 14.5103668261563 18850.411256166433 0.0 0.0 6902923757413120.0 0.047492468545099698 6902923757413120.0 0.047492468545099698
443 4.2638983267857107e+17 14.486620591883749 19152.08865838686 0.0 0.0 0.0 0.0 0.0 0.023746234272548961
444 4.334063484346551e+17 14.43912812333865 19403.704135838361 7016515756084032.0 0.047492468545099698 7016515756084032.0 0.047492468545099698 7016515756084032.0 0.047492468545099698
445 4.334063484346551e+17 14.43912812333865 19599.18251609405 0.0 0.0 0.0 0.0 0.0 0.0
446 4.334063484346551e+17 14.43912812333865 19748.860273165046 0.0 0.0 0.0 0.0 0.0 0.0
447 4.334063484346551e+17 14.43912812333865 19847.833138308939 0.0 0.0 0.0 0.0 0.0 0.0
448 4.334063484346551e+17 14.43912812333865 19892.081968278049 0.0 0.0 0.0 0.0 0.0 0.0
449 4.334063484346551e+17 14.43912812333865 19887.264180883561 0.0 0.0 0.0 0.0 0.0 0.0
450 4.334063484346551e+17 14.43912812333865 19833.090086799195 0.0 0.0 0.0 0.0 0.0 0.0
451 4.334063484346551e+17 14.43912812333865 19725.697986546733 0.0 0.0 0.0 0.0 0.0 0.0
452 4.334063484346551e+17 14.43912812333865 19569.166809168466 0.0 0.0 0.0 0.0 7016515756084032.0 0.047492468545099698
453 4.2638983267857107e+17 14.486620591883749 19364.956107426384 0.0 0.0 7016515756084032.0 0.047492468545099698 7016515756084032.0 0.047492468545099698
454 4.2638983267857107e+17 14.486620591883749 19111.776261851253 0.0 0.023746234272548961 0.0 0.023746234272548961 0.0 0.023746234272548961
455 4.1948690892115795e+17 14.5103668261563 18794.749352063005 0.0 0.0 0.0 0.0 6902923757413120.0 0.047492468545099698
456 4.1948690892115795e+17 14.5103668261563 18436.070819063367 0.0 0.0 0.0 0.0 0.0 0.0
457 4.1948690892115795e+17 14.5103668261563 18063.756869396038 0.0 0.0 6791170725917696.0 0.047492468545101474 6791170725917696.0 0.047492468545101474
458 4.1269573819524026e+17 14.534113060428851 17627.569250067289 0.0 0.0 0.0 0.0 6681226890128896.0 0.047492468545099698
459 4.0601451130511136e+17 14.581605528973951 17149.790389564376 0.0 0.0 0.0 0.0 0.0 0.0
460 3.9944144834454285e+17 14.6053517632465 16661.788754151854 0.0 0.0 6573062960568512.0 0.023746234272548961 6573062960568512.0 0.023746234272548961
461 3.9944144834454285e+17 14.6053517632465 16119.154885379176 0.0 0.0 6466650121912320.0 0.047492468545101474 6466650121912320.0 0.047492468545101474
462 3.9297479822263053e+17 14.652844231791601 15561.414594357166 0.0 0.0 0.0 0.0 0.0 0.0
463 3.866128381972832e+17 14.676590466064152 14970.453833920019 0.0 0.0 0.0 0.0 0.0 0.0
464 3.8035387341628019e+17 14.72408293460925 14366.867805480688 0.0 0.0 0.0 0.0 0.0 0.0
465 3.7419623646575616e+17 14.7478291688818 13738.522969046613 0.0 0.0 0.0 0.0 0.0 0.0
466 3.7419623646575616e+17 14.7478291688818 13102.986505624001 6057949539761280.0 0.047492468545101474 6057949539761280.0 0.047492468545101474 6057949539761280.0 0.047492468545101474
467 3.6217841093441491e+17 14.819067871699451 12454.36566957958 0.0 0.0 5959875991579968.0 0.047492468545099698 5959875991579968.0 0.047492468545099698
468 3.6217841093441491e+17 14.819067871699451 11793.790981909124 0.0 0.0 0.0 0.0 0.0 0.0
469 3.5631502075562995e+17 14.842814105972 11147.161944444215 0.0 0.0 5768466397160384.0 0.047492468545101474 5768466397160384.0 0.047492468545101474
470 3.5054655435846957e+17 14.890306574517101 10483.775862154884 0.0 0.0 0.0 0.0 0.0 0.0
471 3.4487147499984768e+17 14.914052808789652 9847.0151870194459 0.0 0.0 0.0 0.0 0.0 0.023746234272548961
472 3.3928827081536813e+17 14.961545277334752 9199.0030902238923 0.0 0.0 0.0 0.0 0.0 0.0
473 3.3379545441655738e+17 14.985291511607301 8590.2476476980119 0.0 0.0 0.0 0.0 0.0 0.023746234272550737
474 3.2839156249461862e+17 15.032783980152402 7974.8580406052843 0.0 0.0 0.0 0.0 0.0 0.0
475 3.2307515543059994e+17 15.056530214424951 7407.3527031726408 0.0 0.023746234272550737 5316407064018688.0 0.047492468545099698 5316407064018688.0 0.047492468545099698
476 3.1784481691187405e+17 15.104022682970053 6834.0565606211976 0.0 0.0 0.0 0.0 5230338518725888.0 0.047492468545101474
477 3.1784481691187405e+17 15.104022682970053 6309.8935226348794 0.0 0.0 5145663357047168.0 0.047492468545099698 5145663357047168.0 0.047492468545099698
478 3.076367945336544e+17 15.175261385787701 5795.2926377236763 5062359021172480.0 0.047492468545099698 5062359021172480.0 0.047492468545099698 5062359021172480.0 0.047492468545099698
479 3.076367945336544e+17 15.175261385787701 5322.0218633555305 0.0 0.0 0.0 0.0 0.0 0.0
480 3.0265639121517152e+17 15.199007620060252 4869.5008463324621 0.0 0.0 4899774415650880.0 0.047492468545099698 4899774415650880.0 0.047492468545099698
481 2.9775661679952064e+17 15.246500088605352 4460.2176668912307 0.0 0.0 0.0 0.0 0.0 0.0
482 2.9293616596672186e+17 15.270246322877902 4077.1185730297721 0.0 0.0 0.0 0.0 0.0 0.0
483 2.8819375452892016e+17 15.317738791423002 3740.4632226376266 0.0 0.0 0.0 0.0 0.0 0.0
484 2.8352811908827533e+17 15.341485025695553 3435.1027996596717 0.0 0.0 0.0 0.0 0.0 0.0
485 2.7893801670038726e+17 15.388977494240653 3175.5610862590138 0.0 0.0 0.0 0.0 0.0 0.0
486 2.7442222454317066e+17 15.412723728513203 2957.7678408257611 0.0 0.0 0.0 0.0 0.0 0.0
487 2.7442222454317066e+17 15.412723728513203 2754.9377255507238 0.0 0.0 0.0 0.0 0.0 0.0
488 2.6997953959109018e+17 15.460216197058303 2593.0074673681825 0.0 0.0 0.0 0.0 0.0 0.0
489 2.6560877829466947e+17 15.483962431330852 2454.6672583555728 0.0 0.0 4370761296420704.0 0.047492468545099698 4370761296420704.0 0.047492468545099698
490 2.6560877829466947e+17 15.483962431330852 2311.7728725878046 0.0 0.0 0.0 0.0 0.0 0.0
491 2.6560877829466947e+17 15.483962431330852 2205.1223861566909 0.0 0.0 0.0 0.0 0.0 0.0
492 2.6560877829466947e+17 15.483962431330852 2129.928499232542 0.0 0.0 0.0 0.0 0.0 0.0
493 2.6560877829466947e+17 15.483962431330852 2080.470705438684 0.0 0.023746234272548961 0.0 0.023746234272548961 0.0 0.023746234272548961
494 2.6560877829466947e+17 15.460216197058303 2033.7078983880856 0.0 0.0 0.0 0.0 0.0 0.0
495 2.6560877829466947e+17 15.460216197058303 2003.8429289801406 0.0 0.0 0.0 0.0 0.0 0.0
496 2.6560877829466947e+17 15.460216197058303 1988.8424122389351 0.0 0.0 0.0 0.0 0.0 0.0
497 2.6560877829466947e+17 15.460216197058303 1985.8746095705078 0.0 0.0 0.0 0.0 0.0 0.0
498 2.6560877829466947e+17 15.460216197058303 1992.4150754576035 0.0 0.0 0.0 0.0 0.0 0.0
499 2.6560877829466947e+17 15.460216197058303 2006.5881079662408 0.0 0.0 0.0 0.0 0.0 0.0
500 2.6560877829466947e+17 15.460216197058303 2026.6059552111824 0.0 0.023746234272550737 0.0 0.023746234272550737 0.0 0.023746234272550737
501 2.6560877829466947e+17 15.436469962785752 2041.5084567504716 0.0 0.0 0.0 0.0 0.0 0.023746234272550737
502 2.6560877829466947e+17 15.436469962785752 2059.549477793732 0.0 0.0 0.0 0.0 0.0 0.0
503 2.6560877829466947e+17 15.436469962785752 2080.6894079828917 0.0 0.0 0.0 0.0 0.0 0.0
504 2.6560877829466947e+17 15.436469962785752 2104.7439464627314 0.0 0.0 0.0 0.0 0.0 0.0
505 2.6560877829466947e+17 15.436469962785752 2129.8056469023004 0.0 0.0 0.0 0.0 0.0 0.0
506 2.6560877829466947e+17 15.436469962785752 2156.0071750038587 0.0 0.0 0.0 0.0 0.0 0.0
507 2.6560877829466947e+17 15.436469962785752 2182.4422349819006 0.0 0.0 0.0 0.0 0.0 0.0
508 2.6560877829466947e+17 15.436469962785752 2208.7524326061975 0.0 0.0 0.0 0.0 0.0 0.0
509 2.6560877829466947e+17 15.436469962785752 2233.9909589736531 0.0 0.0 0.0 0.0 0.0 0.0
510 2.6560877829466947e+17 15.436469962785752 2257.5287435133023 0.0 0.0 0.0 0.0 0.0 0.0
511 2.6560877829466947e+17 15.436469962785752 2279.2744719432158 0.0 0.0 0.0 0.0 0.0 0.0
512 2.6560877829466947e+17 15.436469962785752 2298.1279572382737 0.0 0.0 0.0 0.0 0.0 0.0
513 2.6560877829466947e+17 15.436469962785752 2277.1252677990096 0.0 0.0 0.0 0.0 0.0 0.0
514 2.6560877829466947e+17 15.436469962785752 2254.1870832041004 0.0 0.0 0.0 0.0 0.0 0.0
515 2.6560877829466947e+17 15.436469962785752 2229.6489601598432 0.0 0.0 0.0 0.0 0.0 0.0
516 2.6560877829466947e+17 15.436469962785752 2203.6505122319172 0.0 0.0 0.0 0.0 0.0 0.0
517 2.6560877829466947e+17 15.436469962785752 2176.437952143363 0.0 0.0 0.0 0.0 0.0 0.0
518 2.6560877829466947e+17 15.436469962785752 2148.9685087799462 0.0 0.0 0.0 0.0 0.0 0.0
519 2.6560877829466947e+17 15.436469962785752 2122.5059357850478 0.0 0.0 0.0 0.0 0.0 0.0
520 2.6560877829466947e+17 15.436469962785752 2097.2468031808339 0.0 0.0 0.0 0.0 0.0 0.0
521 2.6560877829466947e+17 15.436469962785752 2074.3946572193154 0.0 0.0 0.0 0.0 0.0 0.0
522 2.6560877829466947e+17 15.436469962785752 2053.93675055944 0.0 0.0 0.0 0.0 0.0 0.0
523 2.6560877829466947e+17 15.436469962785752 2038.1014821325 0.0 0.0 0.0 0.023746234272550737 0.0 0.023746234272550737
524 2.6560877829466947e+17 15.460216197058303 2017.5344553397699 0.0 0.0 0.0 0.0 0.0 0.023746234272550737
525 2.6560877829466947e+17 15.460216197058303 2000.0698760794739 0.0 0.0 0.0 0.0 0.0 0.0
526 2.6560877829466947e+17 15.460216197058303 1989.9620514943276 0.0 0.0 0.0 0.0 0.0 0.0
527 2.6560877829466947e+17 15.460216197058303 1989.1786241853733 0.0 0.0 0.0 0.0 0.0 0.0
528 2.6560877829466947e+17 15.460216197058303 2000.0428175889479 0.0 0.0 0.0 0.0 0.0 0.0
529 2.6560877829466947e+17 15.460216197058303 2025.7024405644574 0.0 0.0 0.0 0.0 0.0 0.0
530 2.6560877829466947e+17 15.460216197058303 2069.6841384192262 0.0 0.023746234272548961 0.0 0.023746234272548961 0.0 0.023746234272548961
531 2.6560877829466947e+17 15.483962431330852 2115.2935727216618 0.0 0.0 0.0 0.0 0.0 0.0
532 2.6560877829466947e+17 15.483962431330852 2186.3729210462375 0.0 0.0 0.0 0.0 0.0 0.0
533 2.6560877829466947e+17 15.483962431330852 2289.1773809474375 0.0 0.0 0.0 0.0 0.0 0.0
534 2.6560877829466947e+17 15.483962431330852 2430.5663702867569 0.0 0.0 0.0 0.0 4370761296420704.0 0.047492468545099698
535 2.6997953959109018e+17 15.460216197058303 2567.7740769337097 0.0 0.0 0.0 0.0 0.0 0.0
536 2.7442222454317066e+17 15.412723728513203 2728.7441347717031 0.0 0.0 0.0 0.0 0.0 0.0
537 2.7442222454317066e+17 15.412723728513203 2931.3759019748709 0.0 0.0 0.0 0.0 4515792157216608.0 0.047492468545101474
538 2.7893801670038726e+17 15.388977494240653 3145.9504077490956 0.0 0.0 0.0 0.0 0.0 0.0
539 2.8352811908827533e+17 15.341485025695553 3408.6284427167207 0.0 0.0 0.0 0.0 0.0 0.0
540 2.8819375452892016e+17 15.317738791423002 3716.4071172363342 0.0 0.0 0.0 0.0 0.0 0.0
541 2.9293616596672186e+17 15.270246322877902 4068.2840916260957 0.0 0.0 0.0 0.0 0.0 0.0
542 2.9775661679952064e+17 15.246500088605352 4466.4745752245399 0.0 0.0 0.0 0.0 0.0 0.0
543 3.0265639121517152e+17 15.199007620060252 4908.8867794301514 0.0 0.0 0.0 0.0 0.0 0.0
544 3.076367945336544e+17 15.175261385787701 5388.0595385303095 0.0 0.0 0.0 0.0 0.0 0.0
545 3.1269915355482688e+17 15.127768917242602 5915.458392470443 0.0 0.0 0.0 0.0 0.0 0.0
546 3.1784481691187405e+17 15.104022682970053 6467.3711250544648 0.0 0.0 0.0 0.0 0.0 0.0
547 3.2307515543059994e+17 15.056530214424951 7071.855948869751 0.0 0.0 0.0 0.0 0.0 0.023746234272550737
548 3.2839156249461862e+17 15.032783980152402 7686.229196686576 0.0 0.0 0.0 0.0 0.0 0.0
549 3.3379545441655738e+17 14.985291511607301 8358.0187359873598 0.0 0.0 0.0 0.023746234272550737 0.0 0.023746234272550737
550 3.3928827081536813e+17 14.961545277334752 9027.6472698588423 0.0 0.0 0.0 0.0 0.0 0.0
551 3.4487147499984768e+17 14.937799043062201 9750.2188564274002 0.0 0.0 0.0 0.023746234272548961 0.0 0.023746234272548961
552 3.5054655435846957e+17 14.890306574517101 10463.341156619275 0.0 0.0 0.0 0.0 0.0 0.0
553 3.5631502075562995e+17 14.866560340244551 11216.820729872987 0.0 0.0 0.0 0.0 0.0 0.0
554 3.6217841093441491e+17 14.819067871699451 11966.324153931286 0.0 0.0 0.0 0.0 0.0 0.0
555 3.6