391.434593    0.00993888387209
396.508818847    0.0250572055824
401.583044695    0.0573509574068
406.657270542    0.128122954226
411.73149639    0.287047417559
416.805722237    0.419833256502
421.879948085    0.464368164238
426.954173932    0.509117201012
432.02839978    0.538878957968
437.102625627    0.538252030936
442.176851475    0.56983530458
447.251077322    0.579514432265
452.325303169    0.550539178547
457.399529017    0.546453135219
462.473754864    0.593246473483
467.547980712    0.622296168061
472.622206559    0.596998736337
477.696432407    0.572657669938
482.770658254    0.574810636867
487.844884102    0.620431401209
492.919109949    0.626179561968
497.993335797    0.628195176847
503.067561644    0.639127603936
508.141787492    0.625679815135
513.216013339    0.659035545755
518.290239186    0.662890450391
523.364465034    0.655255628963
528.438690881    0.681028559341
533.512916729    0.732352467032
538.587142576    0.754129153522
543.661368424    0.751750451601
548.735594271    0.737811815409
553.809820119    0.753091775483
558.884045966    0.746407631749
563.958271814    0.838775306517
569.032497661    0.871515401424
574.106723508    0.880331747672
579.180949356    0.856345063888
584.255175203    0.878836050422
589.329401051    0.914753537559
594.403626898    0.971823772193
599.477852746    0.966583038077
604.552078593    1.01594071418
609.626304441    0.695989818538
614.700530288    0.250918878061
619.774756136    0.149323402056
624.848981983    0.103148645387
629.923207831    0.0757096010699
634.997433678    0.0580535955221
640.071659525    0.0452892621578
645.145885373    0.0363501080952
650.22011122    0.0287578511552
655.294337068    0.0238984250179
660.368562915    0.0213332422303
665.442788763    0.0178923065095
670.51701461    0.0163043478473
675.591240458    0.0148795681011
680.665466305    0.0129732562106
685.739692153    0.0115678705651
690.813918    0.00997835051155
