281.694909    0.00993002247819
284.119653339    0.0143345432094
286.544397678    0.0264533789603
288.969142017    0.0498065308851
291.393886356    0.0812868949189
293.818630695    0.149976386505
296.243375034    0.275092560504
298.668119373    0.364879752688
301.092863712    0.417299026896
303.517608051    0.451431901248
305.94235239    0.451734889811
308.367096729    0.459377049001
310.791841068    0.501987827136
313.216585407    0.52488879493
315.641329746    0.530645452431
318.066074085    0.518651512949
320.490818424    0.535920839458
322.915562763    0.6247945372
325.340307102    0.662563235517
327.765051441    0.636787961781
330.18979578    0.627660676379
332.614540119    0.663362148374
335.039284458    0.702051943037
337.464028797    0.715319078603
339.888773136    0.711851374237
342.313517475    0.725119525006
344.738261814    0.765480750884
347.163006153    0.739920401874
349.587750492    0.728991135209
352.012494831    0.769754279288
354.437239169    0.865905239909
356.861983508    0.894493364759
359.286727847    0.855772634355
361.711472186    0.82864336076
364.136216525    0.844755112107
366.560960864    0.880952531611
368.985705203    0.917236163282
371.410449542    0.951927730671
373.835193881    0.969254269177
376.25993822    0.955834022088
378.684682559    0.959857744821
381.109426898    0.9660162686
383.534171237    0.99523583417
385.958915576    0.978842065277
388.383659915    0.951533256498
390.808404254    0.941545761439
393.233148593    0.947333831181
395.657892932    0.912207877834
398.082637271    0.811942839229
400.50738161    0.689340577687
402.932125949    0.568266679724
405.356870288    0.461862198816
407.781614627    0.363158987935
410.206358966    0.303242117678
412.631103305    0.237284892621
415.055847644    0.185504886719
417.480591983    0.0658213222655
419.905336322    0.0272898195885
422.330080661    0.0155098784688
424.754825    0.00984425680295
