Index "Column Density" Temperature "Minimised Chi-Squared" "One-Sigma N" "One-Sigma T" "Two-Sigma N" "Two-Sigma T" "Three-Sigma N" "Three-Sigma T"
0 1.9144819761699536e+17 15.282051282051281 0.040677301780941096 3.2164861633097952e+17 4.4871794871794872 7.3159580455434765e+17 6.4615384615384617 1.4328098419306627e+18 7.0
1 1.9144819761699536e+17 15.282051282051281 0.040677301780941096 3.2164861633097952e+17 4.4871794871794872 7.3159580455434765e+17 6.4615384615384617 1.4328098419306627e+18 7.0
2 1.9144819761699536e+17 15.282051282051281 0.040677301780941096 3.2164861633097952e+17 4.4871794871794872 7.3159580455434765e+17 6.4615384615384617 1.4328098419306627e+18 7.0
3 1.9144819761699536e+17 15.282051282051281 0.040677301780941096 3.2164861633097952e+17 4.4871794871794872 7.3159580455434765e+17 6.4615384615384617 1.4328098419306627e+18 7.0
4 1.9144819761699536e+17 15.282051282051281 0.040677301780941096 3.2164861633097952e+17 4.4871794871794872 7.3159580455434765e+17 6.4615384615384617 1.4328098419306627e+18 7.0
5 1.9144819761699536e+17 15.282051282051281 0.040677301780941096 3.2164861633097952e+17 4.4871794871794872 7.3159580455434765e+17 6.4615384615384617 1.4328098419306627e+18 7.0
6 1.9144819761699536e+17 15.282051282051281 0.040677301780941096 3.2164861633097952e+17 4.4871794871794872 7.3159580455434765e+17 6.4615384615384617 1.4328098419306627e+18 7.0
7 1.9144819761699536e+17 15.282051282051281 0.040677301780941096 3.2164861633097952e+17 4.4871794871794872 7.3159580455434765e+17 6.4615384615384617 1.4328098419306627e+18 7.0
8 1.9144819761699536e+17 15.282051282051281 0.040677301780941096 3.2164861633097952e+17 4.4871794871794872 7.3159580455434765e+17 6.4615384615384617 1.4328098419306627e+18 7.0
9 1.9144819761699536e+17 15.282051282051281 0.040677301780941096 3.2164861633097952e+17 4.4871794871794872 7.3159580455434765e+17 6.4615384615384617 1.4328098419306627e+18 7.0
10 1.9144819761699536e+17 15.282051282051281 0.040677301780941096 3.2164861633097952e+17 4.4871794871794872 7.3159580455434765e+17 6.4615384615384617 1.4328098419306627e+18 7.0
11 1.9144819761699536e+17 15.282051282051281 0.040677301780941096 3.2164861633097952e+17 4.4871794871794872 7.3159580455434765e+17 6.4615384615384617 1.4328098419306627e+18 7.0
12 1.9144819761699536e+17 15.282051282051281 0.040677301780941096 3.2164861633097952e+17 4.4871794871794872 7.3159580455434765e+17 6.4615384615384617 1.4328098419306627e+18 7.0
13 1.9144819761699536e+17 15.282051282051281 0.040677301780941096 3.2164861633097952e+17 4.4871794871794872 7.3159580455434765e+17 6.4615384615384617 1.4328098419306627e+18 7.0
14 1.9144819761699536e+17 15.282051282051281 0.040677301780941096 3.2164861633097952e+17 4.4871794871794872 7.3159580455434765e+17 6.4615384615384617 1.4328098419306627e+18 7.0
15 1.9144819761699536e+17 15.282051282051281 0.040677301780941096 3.2164861633097952e+17 4.4871794871794872 7.3159580455434765e+17 6.4615384615384617 1.4328098419306627e+18 7.0
16 1.9144819761699536e+17 15.282051282051281 0.040677301780941096 3.2164861633097952e+17 4.4871794871794872 7.3159580455434765e+17 6.4615384615384617 1.4328098419306627e+18 7.0
17 1.9144819761699536e+17 15.282051282051281 0.040677301780941096 3.2164861633097952e+17 4.4871794871794872 7.3159580455434765e+17 6.4615384615384617 1.4328098419306627e+18 7.0
18 1.9144819761699536e+17 15.282051282051281 0.040677301780941096 3.2164861633097952e+17 4.4871794871794872 7.3159580455434765e+17 6.4615384615384617 1.4328098419306627e+18 7.0
19 1.9144819761699536e+17 15.282051282051281 0.040677301780941096 3.2164861633097952e+17 4.4871794871794872 7.3159580455434765e+17 6.4615384615384617 1.4328098419306627e+18 7.0
20 1.9144819761699536e+17 15.282051282051281 0.040677301780941096 3.2164861633097952e+17 4.4871794871794872 7.3159580455434765e+17 6.4615384615384617 1.4328098419306627e+18 7.0
21 1.9144819761699536e+17 15.282051282051281 0.040677301780941096 3.2164861633097952e+17 4.4871794871794872 7.3159580455434765e+17 6.4615384615384617 1.4328098419306627e+18 7.0
22 1.9144819761699536e+17 15.282051282051281 0.040677301780941096 3.2164861633097952e+17 4.4871794871794872 7.3159580455434765e+17 6.4615384615384617 1.4328098419306627e+18 7.0
23 1.9144819761699536e+17 15.282051282051281 0.040677301780941096 3.2164861633097952e+17 4.4871794871794872 7.3159580455434765e+17 6.4615384615384617 1.4328098419306627e+18 7.0
24 1.9144819761699536e+17 15.282051282051281 0.040677301780941096 3.2164861633097952e+17 4.4871794871794872 7.3159580455434765e+17 6.4615384615384617 1.4328098419306627e+18 7.0
25 1.9144819761699536e+17 15.282051282051281 0.040677301780941096 3.2164861633097952e+17 4.4871794871794872 7.3159580455434765e+17 6.4615384615384617 1.4328098419306627e+18 7.0
26 1.9144819761699536e+17 15.282051282051281 0.040677301780941096 3.2164861633097952e+17 4.4871794871794872 7.3159580455434765e+17 6.4615384615384617 1.4328098419306627e+18 7.0
27 1.9144819761699536e+17 15.282051282051281 0.040677301780941096 3.2164861633097952e+17 4.4871794871794872 7.3159580455434765e+17 6.4615384615384617 1.4328098419306627e+18 7.0
28 1.9144819761699536e+17 15.282051282051281 0.040677301780941096 3.2164861633097952e+17 4.4871794871794872 7.3159580455434765e+17 6.4615384615384617 1.4328098419306627e+18 7.0
29 1.9144819761699536e+17 15.282051282051281 0.040677301780941096 3.2164861633097952e+17 4.4871794871794872 7.3159580455434765e+17 6.4615384615384617 1.4328098419306627e+18 7.0
30 1.9144819761699536e+17 15.282051282051281 0.040677301780941096 3.2164861633097952e+17 4.4871794871794872 7.3159580455434765e+17 6.4615384615384617 1.4328098419306627e+18 7.0
31 1.9144819761699536e+17 15.282051282051281 0.040677301780941096 3.2164861633097952e+17 4.4871794871794872 7.3159580455434765e+17 6.4615384615384617 1.4328098419306627e+18 7.0
32 1.9144819761699536e+17 15.282051282051281 0.040677301780941096 3.2164861633097952e+17 4.4871794871794872 7.3159580455434765e+17 6.4615384615384617 1.4328098419306627e+18 7.0
33 1.9144819761699536e+17 15.282051282051281 0.040677301780941096 3.2164861633097952e+17 4.4871794871794872 7.3159580455434765e+17 6.4615384615384617 1.4328098419306627e+18 7.0
34 1.9144819761699536e+17 15.282051282051281 0.040677301780941096 3.2164861633097952e+17 4.4871794871794872 7.3159580455434765e+17 6.4615384615384617 1.4328098419306627e+18 7.0
35 1.9144819761699536e+17 15.282051282051281 0.040677301780941096 3.2164861633097952e+17 4.4871794871794872 7.3159580455434765e+17 6.4615384615384617 1.4328098419306627e+18 7.0
36 1.9144819761699536e+17 15.282051282051281 0.040677301780941096 3.2164861633097952e+17 4.4871794871794872 7.3159580455434765e+17 6.4615384615384617 1.4328098419306627e+18 7.0
37 1.9144819761699536e+17 15.282051282051281 0.040677301780941096 3.2164861633097952e+17 4.4871794871794872 7.3159580455434765e+17 6.4615384615384617 1.4328098419306627e+18 7.0
38 1.9144819761699536e+17 15.282051282051281 0.040677301780941096 3.2164861633097952e+17 4.4871794871794872 7.3159580455434765e+17 6.4615384615384617 1.4328098419306627e+18 7.0
39 1.9144819761699536e+17 15.282051282051281 0.040677301780941096 3.2164861633097952e+17 4.4871794871794872 7.3159580455434765e+17 6.4615384615384617 1.4328098419306627e+18 7.0
40 1.9144819761699536e+17 15.282051282051281 0.040677301780941096 3.2164861633097952e+17 4.4871794871794872 7.3159580455434765e+17 6.4615384615384617 1.4328098419306627e+18 7.0
41 1.9144819761699536e+17 15.282051282051281 0.040677301780941096 3.2164861633097952e+17 4.4871794871794872 7.3159580455434765e+17 6.4615384615384617 1.4328098419306627e+18 7.0
42 1.9144819761699536e+17 15.282051282051281 0.040677301780941096 3.2164861633097952e+17 4.4871794871794872 7.3159580455434765e+17 6.4615384615384617 1.4328098419306627e+18 7.0
43 1.9144819761699536e+17 15.282051282051281 0.040677301780941096 3.2164861633097952e+17 4.4871794871794872 7.3159580455434765e+17 6.4615384615384617 1.4328098419306627e+18 7.0
44 1.9144819761699536e+17 15.282051282051281 0.040677301780941096 3.2164861633097952e+17 4.4871794871794872 7.3159580455434765e+17 6.4615384615384617 1.4328098419306627e+18 7.0
45 1.9144819761699536e+17 15.282051282051281 0.040677301780941096 3.2164861633097952e+17 4.4871794871794872 7.3159580455434765e+17 6.4615384615384617 1.4328098419306627e+18 7.0
46 1.9144819761699536e+17 15.282051282051281 0.040677301780941096 3.2164861633097952e+17 4.4871794871794872 7.3159580455434765e+17 6.4615384615384617 1.4328098419306627e+18 7.0
47 1.9144819761699536e+17 15.282051282051281 0.040677301780941096 3.2164861633097952e+17 4.4871794871794872 7.3159580455434765e+17 6.4615384615384617 1.4328098419306627e+18 7.0
48 1.9144819761699536e+17 15.282051282051281 0.040677301780941096 3.2164861633097952e+17 4.4871794871794872 7.3159580455434765e+17 6.4615384615384617 1.4328098419306627e+18 7.0
49 1.9144819761699536e+17 15.282051282051281 0.040677301780941096 3.2164861633097952e+17 4.4871794871794872 7.3159580455434765e+17 6.4615384615384617 1.4328098419306627e+18 7.0
50 1.9144819761699536e+17 15.282051282051281 0.040677301780941096 3.2164861633097952e+17 4.4871794871794872 7.3159580455434765e+17 6.4615384615384617 1.4328098419306627e+18 7.0
51 1.9144819761699536e+17 15.282051282051281 0.040677301780941096 3.2164861633097952e+17 4.4871794871794872 7.3159580455434765e+17 6.4615384615384617 1.4328098419306627e+18 7.0
52 1.9144819761699536e+17 15.282051282051281 0.040677301780941096 3.2164861633097952e+17 4.4871794871794872 7.3159580455434765e+17 6.4615384615384617 1.4328098419306627e+18 7.0
53 1.9144819761699536e+17 15.282051282051281 0.040677301780941096 3.2164861633097952e+17 4.4871794871794872 7.3159580455434765e+17 6.4615384615384617 1.4328098419306627e+18 7.0
54 1.9144819761699536e+17 15.282051282051281 0.040677301780941096 3.2164861633097952e+17 4.4871794871794872 7.3159580455434765e+17 6.4615384615384617 1.4328098419306627e+18 7.0
55 3.6652412370796109e+18 9.0 14.311311914859299 2.1534661664639508e+18 1.4358974358974361 4.7813723646764524e+18 7.0 4.8651024709840026e+18 7.0
56 3.6652412370796109e+18 9.0 16.91349600736196 3.0416905029522186e+18 3.2307692307692299 4.8178007961928069e+18 7.0 4.88012783795601e+18 7.0
57 3.6652412370796109e+18 9.0 17.674454900944223 3.4080498561736771e+18 5.5641025641025639 4.8178007961928069e+18 7.0 4.8913124251501548e+18 7.0
58 2.7283333764867584e+18 9.1794871794871788 18.244177088805184 3.4737930394626156e+18 7.0 4.8178007961928069e+18 7.0 4.8913124251501548e+18 7.0
59 2.7283333764867584e+18 9.1794871794871788 18.612662295714092 3.4737930394626156e+18 7.0 4.8449174030217544e+18 7.0 4.8913124251501548e+18 7.0
60 2.7283333764867584e+18 9.1794871794871788 18.612662295714092 3.4737930394626156e+18 7.0 4.8449174030217544e+18 7.0 4.8913124251501548e+18 7.0
61 2.7283333764867584e+18 9.1794871794871788 18.907926722696889 3.5227309700493112e+18 7.0 4.8449174030217544e+18 7.0 4.8996380115359283e+18 7.0
62 2.7283333764867584e+18 9.1794871794871788 18.907926722696889 3.5227309700493112e+18 7.0 4.8449174030217544e+18 7.0 4.8996380115359283e+18 7.0
63 2.7283333764867584e+18 9.1794871794871788 18.907926722696889 3.5227309700493112e+18 7.0 4.8449174030217544e+18 7.0 4.8996380115359283e+18 7.0
64 2.7283333764867584e+18 9.1794871794871788 18.907926722696889 3.5227309700493112e+18 7.0 4.8449174030217544e+18 7.0 4.8996380115359283e+18 7.0
65 2.7283333764867584e+18 9.1794871794871788 18.907926722696889 3.5227309700493112e+18 7.0 4.8449174030217544e+18 7.0 4.8996380115359283e+18 7.0
66 2.7283333764867584e+18 9.1794871794871788 18.907926722696889 3.5227309700493112e+18 7.0 4.8449174030217544e+18 7.0 4.8996380115359283e+18 7.0
67 2.7283333764867584e+18 9.1794871794871788 18.907926722696889 3.5227309700493112e+18 7.0 4.8449174030217544e+18 7.0 4.8996380115359283e+18 7.0
68 2.7283333764867584e+18 9.1794871794871788 18.612662295714092 3.4737930394626156e+18 7.0 4.8449174030217544e+18 7.0 4.8913124251501548e+18 7.0
69 2.7283333764867584e+18 9.1794871794871788 18.612662295714092 3.4737930394626156e+18 7.0 4.8449174030217544e+18 7.0 4.8913124251501548e+18 7.0
70 2.7283333764867584e+18 9.1794871794871788 18.244177088805184 3.4737930394626156e+18 7.0 4.8178007961928069e+18 7.0 4.8913124251501548e+18 7.0
71 3.6652412370796109e+18 9.0 17.674454900944223 3.4080498561736771e+18 5.5641025641025639 4.8178007961928069e+18 7.0 4.8913124251501548e+18 7.0
72 3.6652412370796109e+18 9.0 16.91349600736196 3.0416905029522186e+18 3.2307692307692299 4.8178007961928069e+18 7.0 4.88012783795601e+18 7.0
73 3.6652412370796109e+18 9.0 14.311311914859299 2.1534661664639508e+18 1.4358974358974361 4.7813723646764524e+18 7.0 4.8651024709840026e+18 7.0
74 1.9144819761699536e+17 15.282051282051281 0.040677301780941096 3.2164861633097952e+17 4.4871794871794872 7.3159580455434765e+17 6.4615384615384617 1.4328098419306627e+18 7.0
75 1.9144819761699536e+17 15.282051282051281 0.040677301780941096 3.2164861633097952e+17 4.4871794871794872 7.3159580455434765e+17 6.4615384615384617 1.4328098419306627e+18 7.0
76 1.9144819761699536e+17 15.282051282051281 0.040677301780941096 3.2164861633097952e+17 4.4871794871794872 7.3159580455434765e+17 6.4615384615384617 1.4328098419306627e+18 7.0
77 1.9144819761699536e+17 15.282051282051281 0.040677301780941096 3.2164861633097952e+17 4.4871794871794872 7.3159580455434765e+17 6.4615384615384617 1.4328098419306627e+18 7.0
78 1.9144819761699536e+17 15.282051282051281 0.040677301780941096 3.2164861633097952e+17 4.4871794871794872 7.3159580455434765e+17 6.4615384615384617 1.4328098419306627e+18 7.0
79 1.9144819761699536e+17 15.282051282051281 0.040677301780941096 3.2164861633097952e+17 4.4871794871794872 7.3159580455434765e+17 6.4615384615384617 1.4328098419306627e+18 7.0
80 1.9144819761699536e+17 15.282051282051281 0.040677301780941096 3.2164861633097952e+17 4.4871794871794872 7.3159580455434765e+17 6.4615384615384617 1.4328098419306627e+18 7.0
81 1.9144819761699536e+17 15.282051282051281 0.040677301780941096 3.2164861633097952e+17 4.4871794871794872 7.3159580455434765e+17 6.4615384615384617 1.4328098419306627e+18 7.0
82 1.9144819761699536e+17 15.282051282051281 0.040677301780941096 3.2164861633097952e+17 4.4871794871794872 7.3159580455434765e+17 6.4615384615384617 1.4328098419306627e+18 7.0
83 1.9144819761699536e+17 15.282051282051281 0.040677301780941096 3.2164861633097952e+17 4.4871794871794872 7.3159580455434765e+17 6.4615384615384617 1.4328098419306627e+18 7.0
84 1.9144819761699536e+17 15.282051282051281 0.040677301780941096 3.2164861633097952e+17 4.4871794871794872 7.3159580455434765e+17 6.4615384615384617 1.4328098419306627e+18 7.0
85 1.9144819761699536e+17 15.282051282051281 0.040677301780941096 3.2164861633097952e+17 4.4871794871794872 7.3159580455434765e+17 6.4615384615384617 1.4328098419306627e+18 7.0
86 1.9144819761699536e+17 15.282051282051281 0.040677301780941096 3.2164861633097952e+17 4.4871794871794872 7.3159580455434765e+17 6.4615384615384617 1.4328098419306627e+18 7.0
87 1.9144819761699536e+17 15.282051282051281 0.040677301780941096 3.2164861633097952e+17 4.4871794871794872 7.3159580455434765e+17 6.4615384615384617 1.4328098419306627e+18 7.0
88 1.9144819761699536e+17 15.282051282051281 0.040677301780941096 3.2164861633097952e+17 4.4871794871794872 7.3159580455434765e+17 6.4615384615384617 1.4328098419306627e+18 7.0
89 1.9144819761699536e+17 15.282051282051281 0.040677301780941096 3.2164861633097952e+17 4.4871794871794872 7.3159580455434765e+17 6.4615384615384617 1.4328098419306627e+18 7.0
90 1.9144819761699536e+17 15.282051282051281 0.040677301780941096 3.2164861633097952e+17 4.4871794871794872 7.3159580455434765e+17 6.4615384615384617 1.4328098419306627e+18 7.0
91 1.9144819761699536e+17 15.282051282051281 0.040677301780941096 3.2164861633097952e+17 4.4871794871794872 7.3159580455434765e+17 6.4615384615384617 1.4328098419306627e+18 7.0
92 1.9144819761699536e+17 15.282051282051281 0.040677301780941096 3.2164861633097952e+17 4.4871794871794872 7.3159580455434765e+17 6.4615384615384617 1.4328098419306627e+18 7.0
93 1.9144819761699536e+17 15.282051282051281 0.040677301780941096 3.2164861633097952e+17 4.4871794871794872 7.3159580455434765e+17 6.4615384615384617 1.4328098419306627e+18 7.0
94 1.9144819761699536e+17 15.282051282051281 0.040677301780941096 3.2164861633097952e+17 4.4871794871794872 7.3159580455434765e+17 6.4615384615384617 1.4328098419306627e+18 7.0
95 1.9144819761699536e+17 15.282051282051281 0.040677301780941096 3.2164861633097952e+17 4.4871794871794872 7.3159580455434765e+17 6.4615384615384617 1.4328098419306627e+18 7.0
96 1.9144819761699536e+17 15.282051282051281 0.040677301780941096 3.2164861633097952e+17 4.4871794871794872 7.3159580455434765e+17 6.4615384615384617 1.4328098419306627e+18 7.0
97 1.9144819761699536e+17 15.282051282051281 0.040677301780941096 3.2164861633097952e+17 4.4871794871794872 7.3159580455434765e+17 6.4615384615384617 1.4328098419306627e+18 7.0
98 1.9144819761699536e+17 15.282051282051281 0.040677301780941096 3.2164861633097952e+17 4.4871794871794872 7.3159580455434765e+17 6.4615384615384617 1.4328098419306627e+18 7.0
99 1.9144819761699536e+17 15.282051282051281 0.040677301780941096 3.2164861633097952e+17 4.4871794871794872 7.3159580455434765e+17 6.4615384615384617 1.4328098419306627e+18 7.0
100 1.9144819761699536e+17 15.282051282051281 0.040677301780941096 3.2164861633097952e+17 4.4871794871794872 7.3159580455434765e+17 6.4615384615384617 1.4328098419306627e+18 7.0
101 1.9144819761699536e+17 15.282051282051281 0.040677301780941096 3.2164861633097952e+17 4.4871794871794872 7.3159580455434765e+17 6.4615384615384617 1.4328098419306627e+18 7.0
102 1.9144819761699536e+17 15.282051282051281 0.040677301780941096 3.2164861633097952e+17 4.4871794871794872 7.3159580455434765e+17 6.4615384615384617 1.4328098419306627e+18 7.0
103 1.9144819761699536e+17 15.282051282051281 0.040677301780941096 3.2164861633097952e+17 4.4871794871794872 7.3159580455434765e+17 6.4615384615384617 1.4328098419306627e+18 7.0
104 1.9144819761699536e+17 15.282051282051281 0.040677301780941096 3.2164861633097952e+17 4.4871794871794872 7.3159580455434765e+17 6.4615384615384617 1.4328098419306627e+18 7.0
105 1.9144819761699536e+17 15.282051282051281 0.040677301780941096 3.2164861633097952e+17 4.4871794871794872 7.3159580455434765e+17 6.4615384615384617 1.4328098419306627e+18 7.0
106 1.9144819761699536e+17 15.282051282051281 0.040677301780941096 3.2164861633097952e+17 4.4871794871794872 7.3159580455434765e+17 6.4615384615384617 1.4328098419306627e+18 7.0
107 1.9144819761699536e+17 15.282051282051281 0.040677301780941096 3.2164861633097952e+17 4.4871794871794872 7.3159580455434765e+17 6.4615384615384617 1.4328098419306627e+18 7.0
108 1.9144819761699536e+17 15.282051282051281 0.040677301780941096 3.2164861633097952e+17 4.4871794871794872 7.3159580455434765e+17 6.4615384615384617 1.4328098419306627e+18 7.0
109 1.9144819761699536e+17 15.282051282051281 0.040677301780941096 3.2164861633097952e+17 4.4871794871794872 7.3159580455434765e+17 6.4615384615384617 1.4328098419306627e+18 7.0
110 1.9144819761699536e+17 15.282051282051281 0.040677301780941096 3.2164861633097952e+17 4.4871794871794872 7.3159580455434765e+17 6.4615384615384617 1.4328098419306627e+18 7.0
111 1.9144819761699536e+17 15.282051282051281 0.040677301780941096 3.2164861633097952e+17 4.4871794871794872 7.3159580455434765e+17 6.4615384615384617 1.4328098419306627e+18 7.0
112 1.9144819761699536e+17 15.282051282051281 0.040677301780941096 3.2164861633097952e+17 4.4871794871794872 7.3159580455434765e+17 6.4615384615384617 1.4328098419306627e+18 7.0
113 1.9144819761699536e+17 15.282051282051281 0.040677301780941096 3.2164861633097952e+17 4.4871794871794872 7.3159580455434765e+17 6.4615384615384617 1.4328098419306627e+18 7.0
114 1.9144819761699536e+17 15.282051282051281 0.040677301780941096 3.2164861633097952e+17 4.4871794871794872 7.3159580455434765e+17 6.4615384615384617 1.4328098419306627e+18 7.0
115 1.9144819761699536e+17 15.282051282051281 0.040677301780941096 3.2164861633097952e+17 4.4871794871794872 7.3159580455434765e+17 6.4615384615384617 1.4328098419306627e+18 7.0
116 1.9144819761699536e+17 15.282051282051281 0.040677301780941096 3.2164861633097952e+17 4.4871794871794872 7.3159580455434765e+17 6.4615384615384617 1.4328098419306627e+18 7.0
117 1.9144819761699536e+17 15.282051282051281 0.040677301780941096 3.2164861633097952e+17 4.4871794871794872 7.3159580455434765e+17 6.4615384615384617 1.4328098419306627e+18 7.0
118 1.9144819761699536e+17 15.282051282051281 0.040677301780941096 3.2164861633097952e+17 4.4871794871794872 7.3159580455434765e+17 6.4615384615384617 1.4328098419306627e+18 7.0
119 1.9144819761699536e+17 15.282051282051281 0.040677301780941096 3.2164861633097952e+17 4.4871794871794872 7.3159580455434765e+17 6.4615384615384617 1.4328098419306627e+18 7.0
120 1.9144819761699536e+17 15.282051282051281 0.040677301780941096 3.2164861633097952e+17 4.4871794871794872 7.3159580455434765e+17 6.4615384615384617 1.4328098419306627e+18 7.0
121 1.9144819761699536e+17 15.282051282051281 0.040677301780941096 3.2164861633097952e+17 4.4871794871794872 7.3159580455434765e+17 6.4615384615384617 1.4328098419306627e+18 7.0
122 1.9144819761699536e+17 15.282051282051281 0.040677301780941096 3.2164861633097952e+17 4.4871794871794872 7.3159580455434765e+17 6.4615384615384617 1.4328098419306627e+18 7.0
123 1.9144819761699536e+17 15.282051282051281 0.040677301780941096 3.2164861633097952e+17 4.4871794871794872 7.3159580455434765e+17 6.4615384615384617 1.4328098419306627e+18 7.0
124 1.9144819761699536e+17 15.282051282051281 0.040677301780941096 3.2164861633097952e+17 4.4871794871794872 7.3159580455434765e+17 6.4615384615384617 1.4328098419306627e+18 7.0
125 1.9144819761699536e+17 15.282051282051281 0.040677301780941096 3.2164861633097952e+17 4.4871794871794872 7.3159580455434765e+17 6.4615384615384617 1.4328098419306627e+18 7.0
126 1.9144819761699536e+17 15.282051282051281 0.040677301780941096 3.2164861633097952e+17 4.4871794871794872 7.3159580455434765e+17 6.4615384615384617 1.4328098419306627e+18 7.0
127 1.9144819761699536e+17 15.282051282051281 0.040677301780941096 3.2164861633097952e+17 4.4871794871794872 7.3159580455434765e+17 6.4615384615384617 1.4328098419306627e+18 7.0
128 1.9144819761699536e+17 15.282051282051281 0.040677301780941096 3.2164861633097952e+17 4.4871794871794872 7.3159580455434765e+17 6.4615384615384617 1.4328098419306627e+18 7.0
129 1.9144819761699536e+17 15.282051282051281 0.040677301780941096 3.2164861633097952e+17 4.4871794871794872 7.3159580455434765e+17 6.4615384615384617 1.4328098419306627e+18 7.0
130 1.9144819761699536e+17 15.282051282051281 0.040677301780941096 3.2164861633097952e+17 4.4871794871794872 7.3159580455434765e+17 6.4615384615384617 1.4328098419306627e+18 7.0
131 1.9144819761699536e+17 15.282051282051281 0.040677301780941096 3.2164861633097952e+17 4.4871794871794872 7.3159580455434765e+17 6.4615384615384617 1.4328098419306627e+18 7.0
132 1.9144819761699536e+17 15.282051282051281 0.040677301780941096 3.2164861633097952e+17 4.4871794871794872 7.3159580455434765e+17 6.4615384615384617 1.4328098419306627e+18 7.0
133 1.9144819761699536e+17 15.282051282051281 0.040677301780941096 3.2164861633097952e+17 4.4871794871794872 7.3159580455434765e+17 6.4615384615384617 1.4328098419306627e+18 7.0
134 1.9144819761699536e+17 15.282051282051281 0.040677301780941096 3.2164861633097952e+17 4.4871794871794872 7.3159580455434765e+17 6.4615384615384617 1.4328098419306627e+18 7.0
135 1.9144819761699536e+17 15.282051282051281 0.040677301780941096 3.2164861633097952e+17 4.4871794871794872 7.3159580455434765e+17 6.4615384615384617 1.4328098419306627e+18 7.0
136 1.9144819761699536e+17 15.282051282051281 0.040677301780941096 3.2164861633097952e+17 4.4871794871794872 7.3159580455434765e+17 6.4615384615384617 1.4328098419306627e+18 7.0
137 1.9144819761699536e+17 15.282051282051281 0.040677301780941096 3.2164861633097952e+17 4.4871794871794872 7.3159580455434765e+17 6.4615384615384617 1.4328098419306627e+18 7.0
138 1.9144819761699536e+17 15.282051282051281 0.040677301780941096 3.2164861633097952e+17 4.4871794871794872 7.3159580455434765e+17 6.4615384615384617 1.4328098419306627e+18 7.0
139 1.9144819761699536e+17 15.282051282051281 0.040677301780941096 3.2164861633097952e+17 4.4871794871794872 7.3159580455434765e+17 6.4615384615384617 1.4328098419306627e+18 7.0
140 1.9144819761699536e+17 15.282051282051281 0.040677301780941096 3.2164861633097952e+17 4.4871794871794872 7.3159580455434765e+17 6.4615384615384617 1.4328098419306627e+18 7.0
141 1.9144819761699536e+17 15.282051282051281 0.040677301780941096 3.2164861633097952e+17 4.4871794871794872 7.3159580455434765e+17 6.4615384615384617 1.4328098419306627e+18 7.0
142 1.9144819761699536e+17 15.282051282051281 0.040677301780941096 3.2164861633097952e+17 4.4871794871794872 7.3159580455434765e+17 6.4615384615384617 1.4328098419306627e+18 7.0
143 1.9144819761699536e+17 15.282051282051281 0.040677301780941096 3.2164861633097952e+17 4.4871794871794872 7.3159580455434765e+17 6.4615384615384617 1.4328098419306627e+18 7.0
144 1.9144819761699536e+17 15.282051282051281 0.040677301780941096 3.2164861633097952e+17 4.4871794871794872 7.3159580455434765e+17 6.4615384615384617 1.4328098419306627e+18 7.0
145 1.9144819761699536e+17 15.282051282051281 0.040677301780941096 3.2164861633097952e+17 4.4871794871794872 7.3159580455434765e+17 6.4615384615384617 1.4328098419306627e+18 7.0
146 1.9144819761699536e+17 15.282051282051281 0.040677301780941096 3.2164861633097952e+17 4.4871794871794872 7.3159580455434765e+17 6.4615384615384617 1.4328098419306627e+18 7.0
147 1.9144819761699536e+17 15.282051282051281 0.040677301780941096 3.2164861633097952e+17 4.4871794871794872 7.3159580455434765e+17 6.4615384615384617 1.4328098419306627e+18 7.0
148 1.9144819761699536e+17 15.282051282051281 0.040677301780941096 3.2164861633097952e+17 4.4871794871794872 7.3159580455434765e+17 6.4615384615384617 1.4328098419306627e+18 7.0
149 1.9144819761699536e+17 15.282051282051281 0.040677301780941096 3.2164861633097952e+17 4.4871794871794872 7.3159580455434765e+17 6.4615384615384617 1.4328098419306627e+18 7.0
150 1.9144819761699536e+17 15.282051282051281 0.040677301780941096 3.2164861633097952e+17 4.4871794871794872 7.3159580455434765e+17 6.4615384615384617 1.4328098419306627e+18 7.0
151 1.9144819761699536e+17 15.282051282051281 0.040677301780941096 3.2164861633097952e+17 4.4871794871794872 7.3159580455434765e+17 6.4615384615384617 1.4328098419306627e+18 7.0
152 1.9144819761699536e+17 15.282051282051281 0.040677301780941096 3.2164861633097952e+17 4.4871794871794872 7.3159580455434765e+17 6.4615384615384617 1.4328098419306627e+18 7.0
153 1.9144819761699536e+17 15.282051282051281 0.040677301780941096 3.2164861633097952e+17 4.4871794871794872 7.3159580455434765e+17 6.4615384615384617 1.4328098419306627e+18 7.0
154 1.9144819761699536e+17 15.282051282051281 0.040677301780941096 3.2164861633097952e+17 4.4871794871794872 7.3159580455434765e+17 6.4615384615384617 1.4328098419306627e+18 7.0
155 1.9144819761699536e+17 15.282051282051281 0.040677301780941096 3.2164861633097952e+17 4.4871794871794872 7.3159580455434765e+17 6.4615384615384617 1.4328098419306627e+18 7.0
156 1.9144819761699536e+17 15.282051282051281 0.040677301780941096 3.2164861633097952e+17 4.4871794871794872 7.3159580455434765e+17 6.4615384615384617 1.4328098419306627e+18 7.0
157 1.9144819761699536e+17 15.282051282051281 0.040677301780941096 3.2164861633097952e+17 4.4871794871794872 7.3159580455434765e+17 6.4615384615384617 1.4328098419306627e+18 7.0
158 1.9144819761699536e+17 15.282051282051281 0.040677301780941096 3.2164861633097952e+17 4.4871794871794872 7.3159580455434765e+17 6.4615384615384617 1.4328098419306627e+18 7.0
159 1.9144819761699536e+17 15.282051282051281 0.040677301780941096 3.2164861633097952e+17 4.4871794871794872 7.3159580455434765e+17 6.4615384615384617 1.4328098419306627e+18 7.0
160 1.9144819761699536e+17 15.282051282051281 0.040677301780941096 3.2164861633097952e+17 4.4871794871794872 7.3159580455434765e+17 6.4615384615384617 1.4328098419306627e+18 7.0
161 1.9144819761699536e+17 15.282051282051281 0.040677301780941096 3.2164861633097952e+17 4.4871794871794872 7.3159580455434765e+17 6.4615384615384617 1.4328098419306627e+18 7.0
162 1.9144819761699536e+17 15.282051282051281 0.040677301780941096 3.2164861633097952e+17 4.4871794871794872 7.3159580455434765e+17 6.4615384615384617 1.4328098419306627e+18 7.0
163 1.9144819761699536e+17 15.282051282051281 0.040677301780941096 3.2164861633097952e+17 4.4871794871794872 7.3159580455434765e+17 6.4615384615384617 1.4328098419306627e+18 7.0
164 1.9144819761699536e+17 15.282051282051281 0.040677301780941096 3.2164861633097952e+17 4.4871794871794872 7.3159580455434765e+17 6.4615384615384617 1.4328098419306627e+18 7.0
165 1.9144819761699536e+17 15.282051282051281 0.040677301780941096 3.2164861633097952e+17 4.4871794871794872 7.3159580455434765e+17 6.4615384615384617 1.4328098419306627e+18 7.0
166 1.9144819761699536e+17 15.282051282051281 0.040677301780941096 3.2164861633097952e+17 4.4871794871794872 7.3159580455434765e+17 6.4615384615384617 1.4328098419306627e+18 7.0
167 1.9144819761699536e+17 15.282051282051281 0.040677301780941096 3.2164861633097952e+17 4.4871794871794872 7.3159580455434765e+17 6.4615384615384617 1.4328098419306627e+18 7.0
168 1.9144819761699536e+17 15.282051282051281 0.040677301780941096 3.2164861633097952e+17 4.4871794871794872 7.3159580455434765e+17 6.4615384615384617 1.4328098419306627e+18 7.0
169 1.9144819761699536e+17 15.282051282051281 0.040677301780941096 3.2164861633097952e+17 4.4871794871794872 7.3159580455434765e+17 6.4615384615384617 1.4328098419306627e+18 7.0
170 1.9144819761699536e+17 15.282051282051281 0.040677301780941096 3.2164861633097952e+17 4.4871794871794872 7.3159580455434765e+17 6.4615384615384617 1.4328098419306627e+18 7.0
171 1.9144819761699536e+17 15.282051282051281 0.040677301780941096 3.2164861633097952e+17 4.4871794871794872 7.3159580455434765e+17 6.4615384615384617 1.4328098419306627e+18 7.0
172 1.9144819761699536e+17 15.282051282051281 0.040677301780941096 3.2164861633097952e+17 4.4871794871794872 7.3159580455434765e+17 6.4615384615384617 1.4328098419306627e+18 7.0
173 1.9144819761699536e+17 15.282051282051281 0.040677301780941096 3.2164861633097952e+17 4.4871794871794872 7.3159580455434765e+17 6.4615384615384617 1.4328098419306627e+18 7.0
174 1.9144819761699536e+17 15.282051282051281 0.040677301780941096 3.2164861633097952e+17 4.4871794871794872 7.3159580455434765e+17 6.4615384615384617 1.4328098419306627e+18 7.0
175 1.9144819761699536e+17 15.282051282051281 0.040677301780941096 3.2164861633097952e+17 4.4871794871794872 7.3159580455434765e+17 6.4615384615384617 1.4328098419306627e+18 7.0
176 1.9144819761699536e+17 15.282051282051281 0.040677301780941096 3.2164861633097952e+17 4.4871794871794872 7.3159580455434765e+17 6.4615384615384617 1.4328098419306627e+18 7.0
177 1.9144819761699536e+17 15.282051282051281 0.040677301780941096 3.2164861633097952e+17 4.4871794871794872 7.3159580455434765e+17 6.4615384615384617 1.4328098419306627e+18 7.0
178 3.6652412370796109e+18 9.0 15.860508344150034 2.8275635970113183e+18 2.3333333333333339 4.8178007961928069e+18 7.0 4.8651024709840026e+18 7.0
179 2.7283333764867584e+18 9.1794871794871788 18.244177088805184 3.4737930394626156e+18 7.0 4.8178007961928069e+18 7.0 4.8913124251501548e+18 7.0
180 2.7283333764867584e+18 9.1794871794871788 18.612662295714092 3.4737930394626156e+18 7.0 4.8449174030217544e+18 7.0 4.8913124251501548e+18 7.0
181 2.7283333764867584e+18 9.1794871794871788 18.907926722696889 3.5227309700493112e+18 7.0 4.8449174030217544e+18 7.0 4.8996380115359283e+18 7.0
182 2.7283333764867584e+18 9.1794871794871788 19.149798839314148 3.5227309700493112e+18 7.0 4.8449174030217544e+18 7.0 4.8996380115359283e+18 7.0
183 2.7283333764867584e+18 9.1794871794871788 19.351546914699941 3.5227309700493112e+18 7.0 4.8449174030217544e+18 7.0 4.8996380115359283e+18 7.0
184 2.7283333764867584e+18 9.1794871794871788 19.52238253572488 3.5227309700493112e+18 7.0 4.8449174030217544e+18 7.0 4.8996380115359283e+18 7.0
185 2.7283333764867584e+18 9.1794871794871788 19.668899823116121 3.5227309700493112e+18 7.0 4.8449174030217544e+18 7.0 4.9058354140384799e+18 7.0
186 2.7283333764867584e+18 9.1794871794871788 19.668899823116121 3.5227309700493112e+18 7.0 4.8449174030217544e+18 7.0 4.9058354140384799e+18 7.0
187 2.7283333764867584e+18 9.1794871794871788 19.668899823116121 3.5227309700493112e+18 7.0 4.8449174030217544e+18 7.0 4.9058354140384799e+18 7.0
188 2.7283333764867584e+18 9.1794871794871788 19.79594291383324 3.5227309700493112e+18 7.0 4.8449174030217544e+18 7.0 4.9058354140384799e+18 7.0
189 2.7283333764867584e+18 9.1794871794871788 19.79594291383324 3.5227309700493112e+18 7.0 4.8449174030217544e+18 7.0 4.9058354140384799e+18 7.0
190 2.7283333764867584e+18 9.1794871794871788 19.79594291383324 3.5227309700493112e+18 7.0 4.8449174030217544e+18 7.0 4.9058354140384799e+18 7.0
191 2.7283333764867584e+18 9.1794871794871788 19.79594291383324 3.5227309700493112e+18 7.0 4.8449174030217544e+18 7.0 4.9058354140384799e+18 7.0
192 2.7283333764867584e+18 9.1794871794871788 19.79594291383324 3.5227309700493112e+18 7.0 4.8449174030217544e+18 7.0 4.9058354140384799e+18 7.0
193 2.7283333764867584e+18 9.1794871794871788 19.79594291383324 3.5227309700493112e+18 7.0 4.8449174030217544e+18 7.0 4.9058354140384799e+18 7.0
194 2.7283333764867584e+18 9.1794871794871788 19.79594291383324 3.5227309700493112e+18 7.0 4.8449174030217544e+18 7.0 4.9058354140384799e+18 7.0
195 2.7283333764867584e+18 9.1794871794871788 19.79594291383324 3.5227309700493112e+18 7.0 4.8449174030217544e+18 7.0 4.9058354140384799e+18 7.0
196 2.7283333764867584e+18 9.1794871794871788 19.79594291383324 3.5227309700493112e+18 7.0 4.8449174030217544e+18 7.0 4.9058354140384799e+18 7.0
197 2.7283333764867584e+18 9.1794871794871788 19.668899823116121 3.5227309700493112e+18 7.0 4.8449174030217544e+18 7.0 4.9058354140384799e+18 7.0
198 2.7283333764867584e+18 9.1794871794871788 19.668899823116121 3.5227309700493112e+18 7.0 4.8449174030217544e+18 7.0 4.9058354140384799e+18 7.0
199 2.7283333764867584e+18 9.1794871794871788 19.668899823116121 3.5227309700493112e+18 7.0 4.8449174030217544e+18 7.0 4.9058354140384799e+18 7.0
200 2.7283333764867584e+18 9.1794871794871788 19.52238253572488 3.5227309700493112e+18 7.0 4.8449174030217544e+18 7.0 4.8996380115359283e+18 7.0
201 2.7283333764867584e+18 9.1794871794871788 19.351546914699941 3.5227309700493112e+18 7.0 4.8449174030217544e+18 7.0 4.8996380115359283e+18 7.0
202 2.7283333764867584e+18 9.1794871794871788 19.149798839314148 3.5227309700493112e+18 7.0 4.8449174030217544e+18 7.0 4.8996380115359283e+18 7.0
203 2.7283333764867584e+18 9.1794871794871788 18.907926722696889 3.5227309700493112e+18 7.0 4.8449174030217544e+18 7.0 4.8996380115359283e+18 7.0
204 2.7283333764867584e+18 9.1794871794871788 18.612662295714092 3.4737930394626156e+18 7.0 4.8449174030217544e+18 7.0 4.8913124251501548e+18 7.0
205 2.7283333764867584e+18 9.1794871794871788 18.244177088805184 3.4737930394626156e+18 7.0 4.8178007961928069e+18 7.0 4.8913124251501548e+18 7.0
206 3.6652412370796109e+18 9.0 15.860508344150034 2.8275635970113183e+18 2.3333333333333339 4.8178007961928069e+18 7.0 4.8651024709840026e+18 7.0
207 1.9144819761699536e+17 15.282051282051281 0.040677301780941096 3.2164861633097952e+17 4.4871794871794872 7.3159580455434765e+17 6.4615384615384617 1.4328098419306627e+18 7.0
208 1.9144819761699536e+17 15.282051282051281 0.040677301780941096 3.2164861633097952e+17 4.4871794871794872 7.3159580455434765e+17 6.4615384615384617 1.4328098419306627e+18 7.0
209 1.9144819761699536e+17 15.282051282051281 0.040677301780941096 3.2164861633097952e+17 4.4871794871794872 7.3159580455434765e+17 6.4615384615384617 1.4328098419306627e+18 7.0
210 1.9144819761699536e+17 15.282051282051281 0.040677301780941096 3.2164861633097952e+17 4.4871794871794872 7.3159580455434765e+17 6.4615384615384617 1.4328098419306627e+18 7.0
211 1.9144819761699536e+17 15.282051282051281 0.040677301780941096 3.2164861633097952e+17 4.4871794871794872 7.3159580455434765e+17 6.4615384615384617 1.4328098419306627e+18 7.0
212 1.9144819761699536e+17 15.282051282051281 0.040677301780941096 3.2164861633097952e+17 4.4871794871794872 7.3159580455434765e+17 6.4615384615384617 1.4328098419306627e+18 7.0
213 1.9144819761699536e+17 15.282051282051281 0.040677301780941096 3.2164861633097952e+17 4.4871794871794872 7.3159580455434765e+17 6.4615384615384617 1.4328098419306627e+18 7.0
214 1.9144819761699536e+17 15.282051282051281 0.040677301780941096 3.2164861633097952e+17 4.4871794871794872 7.3159580455434765e+17 6.4615384615384617 1.4328098419306627e+18 7.0
215 1.9144819761699536e+17 15.282051282051281 0.040677301780941096 3.2164861633097952e+17 4.4871794871794872 7.3159580455434765e+17 6.4615384615384617 1.4328098419306627e+18 7.0
216 1.9144819761699536e+17 15.282051282051281 0.040677301780941096 3.2164861633097952e+17 4.4871794871794872 7.3159580455434765e+17 6.4615384615384617 1.4328098419306627e+18 7.0
217 1.9144819761699536e+17 15.282051282051281 0.040677301780941096 3.2164861633097952e+17 4.4871794871794872 7.3159580455434765e+17 6.4615384615384617 1.4328098419306627e+18 7.0
218 1.9144819761699536e+17 15.282051282051281 0.040677301780941096 3.2164861633097952e+17 4.4871794871794872 7.3159580455434765e+17 6.4615384615384617 1.4328098419306627e+18 7.0
219 1.9144819761699536e+17 15.282051282051281 0.040677301780941096 3.2164861633097952e+17 4.4871794871794872 7.3159580455434765e+17 6.4615384615384617 1.4328098419306627e+18 7.0
220 1.9144819761699536e+17 15.282051282051281 0.040677301780941096 3.2164861633097952e+17 4.4871794871794872 7.3159580455434765e+17 6.4615384615384617 1.4328098419306627e+18 7.0
221 1.9144819761699536e+17 15.282051282051281 0.040677301780941096 3.2164861633097952e+17 4.4871794871794872 7.3159580455434765e+17 6.4615384615384617 1.4328098419306627e+18 7.0
222 1.9144819761699536e+17 15.282051282051281 0.040677301780941096 3.2164861633097952e+17 4.4871794871794872 7.3159580455434765e+17 6.4615384615384617 1.4328098419306627e+18 7.0
223 1.9144819761699536e+17 15.282051282051281 0.040677301780941096 3.2164861633097952e+17 4.4871794871794872 7.3159580455434765e+17 6.4615384615384617 1.4328098419306627e+18 7.0
224 1.9144819761699536e+17 15.282051282051281 0.040677301780941096 3.2164861633097952e+17 4.4871794871794872 7.3159580455434765e+17 6.4615384615384617 1.4328098419306627e+18 7.0
225 1.9144819761699536e+17 15.282051282051281 0.040677301780941096 3.2164861633097952e+17 4.4871794871794872 7.3159580455434765e+17 6.4615384615384617 1.4328098419306627e+18 7.0
226 1.9144819761699536e+17 15.282051282051281 0.040677301780941096 3.2164861633097952e+17 4.4871794871794872 7.3159580455434765e+17 6.4615384615384617 1.4328098419306627e+18 7.0
227 1.9144819761699536e+17 15.282051282051281 0.040677301780941096 3.2164861633097952e+17 4.4871794871794872 7.3159580455434765e+17 6.4615384615384617 1.4328098419306627e+18 7.0
228 1.9144819761699536e+17 15.282051282051281 0.040677301780941096 3.2164861633097952e+17 4.4871794871794872 7.3159580455434765e+17 6.4615384615384617 1.4328098419306627e+18 7.0
229 1.9144819761699536e+17 15.282051282051281 0.040677301780941096 3.2164861633097952e+17 4.4871794871794872 7.3159580455434765e+17 6.4615384615384617 1.4328098419306627e+18 7.0
230 1.9144819761699536e+17 15.282051282051281 0.040677301780941096 3.2164861633097952e+17 4.4871794871794872 7.3159580455434765e+17 6.4615384615384617 1.4328098419306627e+18 7.0
231 1.9144819761699536e+17 15.282051282051281 0.040677301780941096 3.2164861633097952e+17 4.4871794871794872 7.3159580455434765e+17 6.4615384615384617 1.4328098419306627e+18 7.0
232 1.9144819761699536e+17 15.282051282051281 0.040677301780941096 3.2164861633097952e+17 4.4871794871794872 7.3159580455434765e+17 6.4615384615384617 1.4328098419306627e+18 7.0
233 1.9144819761699536e+17 15.282051282051281 0.040677301780941096 3.2164861633097952e+17 4.4871794871794872 7.3159580455434765e+17 6.4615384615384617 1.4328098419306627e+18 7.0
234 1.9144819761699536e+17 15.282051282051281 0.040677301780941096 3.2164861633097952e+17 4.4871794871794872 7.3159580455434765e+17 6.4615384615384617 1.4328098419306627e+18 7.0
235 1.9144819761699536e+17 15.282051282051281 0.040677301780941096 3.2164861633097952e+17 4.4871794871794872 7.3159580455434765e+17 6.4615384615384617 1.4328098419306627e+18 7.0
236 1.9144819761699536e+17 15.282051282051281 0.040677301780941096 3.2164861633097952e+17 4.4871794871794872 7.3159580455434765e+17 6.4615384615384617 1.4328098419306627e+18 7.0
237 1.9144819761699536e+17 15.282051282051281 0.040677301780941096 3.2164861633097952e+17 4.4871794871794872 7.3159580455434765e+17 6.4615384615384617 1.4328098419306627e+18 7.0
238 1.9144819761699536e+17 15.282051282051281 0.040677301780941096 3.2164861633097952e+17 4.4871794871794872 7.3159580455434765e+17 6.4615384615384617 1.4328098419306627e+18 7.0
239 1.9144819761699536e+17 15.282051282051281 0.040677301780941096 3.2164861633097952e+17 4.4871794871794872 7.3159580455434765e+17 6.4615384615384617 1.4328098419306627e+18 7.0
240 1.9144819761699536e+17 15.282051282051281 0.040677301780941096 3.2164861633097952e+17 4.4871794871794872 7.3159580455434765e+17 6.4615384615384617 1.4328098419306627e+18 7.0
241 1.9144819761699536e+17 15.282051282051281 0.040677301780941096 3.2164861633097952e+17 4.4871794871794872 7.3159580455434765e+17 6.4615384615384617 1.4328098419306627e+18 7.0
242 1.9144819761699536e+17 15.282051282051281 0.040677301780941096 3.2164861633097952e+17 4.4871794871794872 7.3159580455434765e+17 6.4615384615384617 1.4328098419306627e+18 7.0
243 1.9144819761699536e+17 15.282051282051281 0.040677301780941096 3.2164861633097952e+17 4.4871794871794872 7.3159580455434765e+17 6.4615384615384617 1.4328098419306627e+18 7.0
244 1.9144819761699536e+17 15.282051282051281 0.040677301780941096 3.2164861633097952e+17 4.4871794871794872 7.3159580455434765e+17 6.4615384615384617 1.4328098419306627e+18 7.0
245 1.9144819761699536e+17 15.282051282051281 0.040677301780941096 3.2164861633097952e+17 4.4871794871794872 7.3159580455434765e+17 6.4615384615384617 1.4328098419306627e+18 7.0
246 1.9144819761699536e+17 15.282051282051281 0.040677301780941096 3.2164861633097952e+17 4.4871794871794872 7.3159580455434765e+17 6.4615384615384617 1.4328098419306627e+18 7.0
247 1.9144819761699536e+17 15.282051282051281 0.040677301780941096 3.2164861633097952e+17 4.4871794871794872 7.3159580455434765e+17 6.4615384615384617 1.4328098419306627e+18 7.0
248 1.9144819761699536e+17 15.282051282051281 0.040677301780941096 3.2164861633097952e+17 4.4871794871794872 7.3159580455434765e+17 6.4615384615384617 1.4328098419306627e+18 7.0
249 1.9144819761699536e+17 15.282051282051281 0.040677301780941096 3.2164861633097952e+17 4.4871794871794872 7.3159580455434765e+17 6.4615384615384617 1.4328098419306627e+18 7.0
250 1.9144819761699536e+17 15.282051282051281 0.040677301780941096 3.2164861633097952e+17 4.4871794871794872 7.3159580455434765e+17 6.4615384615384617 1.4328098419306627e+18 7.0
251 1.9144819761699536e+17 15.282051282051281 0.040677301780941096 3.2164861633097952e+17 4.4871794871794872 7.3159580455434765e+17 6.4615384615384617 1.4328098419306627e+18 7.0
252 1.9144819761699536e+17 15.282051282051281 0.040677301780941096 3.2164861633097952e+17 4.4871794871794872 7.3159580455434765e+17 6.4615384615384617 1.4328098419306627e+18 7.0
253 1.9144819761699536e+17 15.282051282051281 0.040677301780941096 3.2164861633097952e+17 4.4871794871794872 7.3159580455434765e+17 6.4615384615384617 1.4328098419306627e+18 7.0
254 1.9144819761699536e+17 15.282051282051281 0.040677301780941096 3.2164861633097952e+17 4.4871794871794872 7.3159580455434765e+17 6.4615384615384617 1.4328098419306627e+18 7.0
255 1.9144819761699536e+17 15.282051282051281 0.040677301780941096 3.2164861633097952e+17 4.4871794871794872 7.3159580455434765e+17 6.4615384615384617 1.4328098419306627e+18 7.0
256 1.9144819761699536e+17 15.282051282051281 0.040677301780941096 3.2164861633097952e+17 4.4871794871794872 7.3159580455434765e+17 6.4615384615384617 1.4328098419306627e+18 7.0
257 1.9144819761699536e+17 15.282051282051281 0.040677301780941096 3.2164861633097952e+17 4.4871794871794872 7.3159580455434765e+17 6.4615384615384617 1.4328098419306627e+18 7.0
258 1.9144819761699536e+17 15.282051282051281 0.040677301780941096 3.2164861633097952e+17 4.4871794871794872 7.3159580455434765e+17 6.4615384615384617 1.4328098419306627e+18 7.0
259 1.9144819761699536e+17 15.282051282051281 0.040677301780941096 3.2164861633097952e+17 4.4871794871794872 7.3159580455434765e+17 6.4615384615384617 1.4328098419306627e+18 7.0
260 1.9144819761699536e+17 15.282051282051281 0.040677301780941096 3.2164861633097952e+17 4.4871794871794872 7.3159580455434765e+17 6.4615384615384617 1.4328098419306627e+18 7.0
261 1.9144819761699536e+17 15.282051282051281 0.040677301780941096 3.2164861633097952e+17 4.4871794871794872 7.3159580455434765e+17 6.4615384615384617 1.4328098419306627e+18 7.0
262 1.9144819761699536e+17 15.282051282051281 0.040677301780941096 3.2164861633097952e+17 4.4871794871794872 7.3159580455434765e+17 6.4615384615384617 1.4328098419306627e+18 7.0
263 1.9144819761699536e+17 15.282051282051281 0.040677301780941096 3.2164861633097952e+17 4.4871794871794872 7.3159580455434765e+17 6.4615384615384617 1.4328098419306627e+18 7.0
264 1.9144819761699536e+17 15.282051282051281 0.040677301780941096 3.2164861633097952e+17 4.4871794871794872 7.3159580455434765e+17 6.4615384615384617 1.4328098419306627e+18 7.0
265 1.9144819761699536e+17 15.282051282051281 0.040677301780941096 3.2164861633097952e+17 4.4871794871794872 7.3159580455434765e+17 6.4615384615384617 1.4328098419306627e+18 7.0
266 1.9144819761699536e+17 15.282051282051281 0.040677301780941096 3.2164861633097952e+17 4.4871794871794872 7.3159580455434765e+17 6.4615384615384617 1.4328098419306627e+18 7.0
267 1.9144819761699536e+17 15.282051282051281 0.040677301780941096 3.2164861633097952e+17 4.4871794871794872 7.3159580455434765e+17 6.4615384615384617 1.4328098419306627e+18 7.0
268 1.9144819761699536e+17 15.282051282051281 0.040677301780941096 3.2164861633097952e+17 4.4871794871794872 7.3159580455434765e+17 6.4615384615384617 1.4328098419306627e+18 7.0
269 1.9144819761699536e+17 15.282051282051281 0.040677301780941096 3.2164861633097952e+17 4.4871794871794872 7.3159580455434765e+17 6.4615384615384617 1.4328098419306627e+18 7.0
270 1.9144819761699536e+17 15.282051282051281 0.040677301780941096 3.2164861633097952e+17 4.4871794871794872 7.3159580455434765e+17 6.4615384615384617 1.4328098419306627e+18 7.0
271 1.9144819761699536e+17 15.282051282051281 0.040677301780941096 3.2164861633097952e+17 4.4871794871794872 7.3159580455434765e+17 6.4615384615384617 1.4328098419306627e+18 7.0
272 1.9144819761699536e+17 15.282051282051281 0.040677301780941096 3.2164861633097952e+17 4.4871794871794872 7.3159580455434765e+17 6.4615384615384617 1.4328098419306627e+18 7.0
273 1.9144819761699536e+17 15.282051282051281 0.040677301780941096 3.2164861633097952e+17 4.4871794871794872 7.3159580455434765e+17 6.4615384615384617 1.4328098419306627e+18 7.0
274 1.9144819761699536e+17 15.282051282051281 0.040677301780941096 3.2164861633097952e+17 4.4871794871794872 7.3159580455434765e+17 6.4615384615384617 1.4328098419306627e+18 7.0
275 1.9144819761699536e+17 15.282051282051281 0.040677301780941096 3.2164861633097952e+17 4.4871794871794872 7.3159580455434765e+17 6.4615384615384617 1.4328098419306627e+18 7.0
276 1.9144819761699536e+17 15.282051282051281 0.040677301780941096 3.2164861633097952e+17 4.4871794871794872 7.3159580455434765e+17 6.4615384615384617 1.4328098419306627e+18 7.0
277 1.9144819761699536e+17 15.282051282051281 0.040677301780941096 3.2164861633097952e+17 4.4871794871794872 7.3159580455434765e+17 6.4615384615384617 1.4328098419306627e+18 7.0
278 1.9144819761699536e+17 15.282051282051281 0.040677301780941096 3.2164861633097952e+17 4.4871794871794872 7.3159580455434765e+17 6.4615384615384617 1.4328098419306627e+18 7.0
279 1.9144819761699536e+17 15.282051282051281 0.040677301780941096 3.2164861633097952e+17 4.4871794871794872 7.3159580455434765e+17 6.4615384615384617 1.4328098419306627e+18 7.0
280 1.9144819761699536e+17 15.282051282051281 0.040677301780941096 3.2164861633097952e+17 4.4871794871794872 7.3159580455434765e+17 6.4615384615384617 1.4328098419306627e+18 7.0
281 1.9144819761699536e+17 15.282051282051281 0.040677301780941096 3.2164861633097952e+17 4.4871794871794872 7.3159580455434765e+17 6.4615384615384617 1.4328098419306627e+18 7.0
282 1.9144819761699536e+17 15.282051282051281 0.040677301780941096 3.2164861633097952e+17 4.4871794871794872 7.3159580455434765e+17 6.4615384615384617 1.4328098419306627e+18 7.0
283 1.9144819761699536e+17 15.282051282051281 0.040677301780941096 3.2164861633097952e+17 4.4871794871794872 7.3159580455434765e+17 6.4615384615384617 1.4328098419306627e+18 7.0
284 1.9144819761699536e+17 15.282051282051281 0.040677301780941096 3.2164861633097952e+17 4.4871794871794872 7.3159580455434765e+17 6.4615384615384617 1.4328098419306627e+18 7.0
285 1.9144819761699536e+17 15.282051282051281 0.040677301780941096 3.2164861633097952e+17 4.4871794871794872 7.3159580455434765e+17 6.4615384615384617 1.4328098419306627e+18 7.0
286 1.9144819761699536e+17 15.282051282051281 0.040677301780941096 3.2164861633097952e+17 4.4871794871794872 7.3159580455434765e+17 6.4615384615384617 1.4328098419306627e+18 7.0
287 1.9144819761699536e+17 15.282051282051281 0.040677301780941096 3.2164861633097952e+17 4.4871794871794872 7.3159580455434765e+17 6.4615384615384617 1.4328098419306627e+18 7.0
288 1.9144819761699536e+17 15.282051282051281 0.040677301780941096 3.2164861633097952e+17 4.4871794871794872 7.3159580455434765e+17 6.4615384615384617 1.4328098419306627e+18 7.0
289 1.9144819761699536e+17 15.282051282051281 0.040677301780941096 3.2164861633097952e+17 4.4871794871794872 7.3159580455434765e+17 6.4615384615384617 1.4328098419306627e+18 7.0
290 1.9144819761699536e+17 15.282051282051281 0.040677301780941096 3.2164861633097952e+17 4.4871794871794872 7.3159580455434765e+17 6.4615384615384617 1.4328098419306627e+18 7.0
291 1.9144819761699536e+17 15.282051282051281 0.040677301780941096 3.2164861633097952e+17 4.4871794871794872 7.3159580455434765e+17 6.4615384615384617 1.4328098419306627e+18 7.0
292 1.9144819761699536e+17 15.282051282051281 0.040677301780941096 3.2164861633097952e+17 4.4871794871794872 7.3159580455434765e+17 6.4615384615384617 1.4328098419306627e+18 7.0
293 1.9144819761699536e+17 15.282051282051281 0.040677301780941096 3.2164861633097952e+17 4.4871794871794872 7.3159580455434765e+17 6.4615384615384617 1.4328098419306627e+18 7.0
294 1.9144819761699536e+17 15.282051282051281 0.040677301780941096 3.2164861633097952e+17 4.4871794871794872 7.3159580455434765e+17 6.4615384615384617 1.4328098419306627e+18 7.0
295 1.9144819761699536e+17 15.282051282051281 0.040677301780941096 3.2164861633097952e+17 4.4871794871794872 7.3159580455434765e+17 6.4615384615384617 1.4328098419306627e+18 7.0
296 1.9144819761699536e+17 15.282051282051281 0.040677301780941096 3.2164861633097952e+17 4.4871794871794872 7.3159580455434765e+17 6.4615384615384617 1.4328098419306627e+18 7.0
297 1.9144819761699536e+17 15.282051282051281 0.040677301780941096 3.2164861633097952e+17 4.4871794871794872 7.3159580455434765e+17 6.4615384615384617 1.4328098419306627e+18 7.0
298 1.9144819761699536e+17 15.282051282051281 0.040677301780941096 3.2164861633097952e+17 4.4871794871794872 7.3159580455434765e+17 6.4615384615384617 1.4328098419306627e+18 7.0
299 1.9144819761699536e+17 15.282051282051281 0.040677301780941096 3.2164861633097952e+17 4.4871794871794872 7.3159580455434765e+17 6.4615384615384617 1.4328098419306627e+18 7.0
300 1.9144819761699536e+17 15.282051282051281 0.040677301780941096 3.2164861633097952e+17 4.4871794871794872 7.3159580455434765e+17 6.4615384615384617 1.4328098419306627e+18 7.0
301 1.9144819761699536e+17 15.282051282051281 0.040677301780941096 3.2164861633097952e+17 4.4871794871794872 7.3159580455434765e+17 6.4615384615384617 1.4328098419306627e+18 7.0
302 3.6652412370796109e+18 9.0 15.860508344150034 2.8275635970113183e+18 2.3333333333333339 4.8178007961928069e+18 7.0 4.8651024709840026e+18 7.0
303 2.7283333764867584e+18 9.1794871794871788 18.244177088805184 3.4737930394626156e+18 7.0 4.8178007961928069e+18 7.0 4.8913124251501548e+18 7.0
304 2.7283333764867584e+18 9.1794871794871788 18.907926722696889 3.5227309700493112e+18 7.0 4.8449174030217544e+18 7.0 4.8996380115359283e+18 7.0
305 2.7283333764867584e+18 9.1794871794871788 19.149798839314148 3.5227309700493112e+18 7.0 4.8449174030217544e+18 7.0 4.8996380115359283e+18 7.0
306 2.7283333764867584e+18 9.1794871794871788 19.52238253572488 3.5227309700493112e+18 7.0 4.8449174030217544e+18 7.0 4.8996380115359283e+18 7.0
307 2.7283333764867584e+18 9.1794871794871788 19.668899823116121 3.5227309700493112e+18 7.0 4.8449174030217544e+18 7.0 4.9058354140384799e+18 7.0
308 2.7283333764867584e+18 9.1794871794871788 19.79594291383324 3.5227309700493112e+18 7.0 4.8449174030217544e+18 7.0 4.9058354140384799e+18 7.0
309 2.7283333764867584e+18 9.1794871794871788 19.79594291383324 3.5227309700493112e+18 7.0 4.8449174030217544e+18 7.0 4.9058354140384799e+18 7.0
310 2.7283333764867584e+18 9.1794871794871788 19.907150075294094 3.5227309700493112e+18 7.0 4.8449174030217544e+18 7.0 4.9058354140384799e+18 7.0
311 2.7283333764867584e+18 9.1794871794871788 20.005306785210028 3.5227309700493112e+18 7.0 4.8449174030217544e+18 7.0 4.9058354140384799e+18 7.0
312 2.7283333764867584e+18 9.1794871794871788 20.005306785210028 3.5227309700493112e+18 7.0 4.8449174030217544e+18 7.0 4.9058354140384799e+18 7.0
313 2.7283333764867584e+18 9.1794871794871788 20.092581666372308 3.5227309700493112e+18 7.0 4.8449174030217544e+18 7.0 4.9058354140384799e+18 7.0
314 2.7283333764867584e+18 9.1794871794871788 20.092581666372308 3.5227309700493112e+18 7.0 4.8449174030217544e+18 7.0 4.9058354140384799e+18 7.0
315 2.7283333764867584e+18 9.1794871794871788 20.092581666372308 3.5227309700493112e+18 7.0 4.8449174030217544e+18 7.0 4.9058354140384799e+18 7.0
316 2.7283333764867584e+18 9.1794871794871788 20.17068822728066 3.5227309700493112e+18 7.0 4.8449174030217544e+18 7.0 4.9058354140384799e+18 7.0
317 2.7283333764867584e+18 9.1794871794871788 20.17068822728066 3.5227309700493112e+18 7.0 4.8449174030217544e+18 7.0 4.9058354140384799e+18 7.0
318 2.7283333764867584e+18 9.1794871794871788 20.17068822728066 3.5227309700493112e+18 7.0 4.8449174030217544e+18 7.0 4.9058354140384799e+18 7.0
319 2.7283333764867584e+18 9.1794871794871788 20.17068822728066 3.5227309700493112e+18 7.0 4.8449174030217544e+18 7.0 4.9058354140384799e+18 7.0
320 2.7283333764867584e+18 9.1794871794871788 20.17068822728066 3.5227309700493112e+18 7.0 4.8449174030217544e+18 7.0 4.9058354140384799e+18 7.0
321 2.7283333764867584e+18 9.1794871794871788 20.17068822728066 3.5227309700493112e+18 7.0 4.8449174030217544e+18 7.0 4.9058354140384799e+18 7.0
322 2.7283333764867584e+18 9.1794871794871788 20.17068822728066 3.5227309700493112e+18 7.0 4.8449174030217544e+18 7.0 4.9058354140384799e+18 7.0
323 2.7283333764867584e+18 9.1794871794871788 20.17068822728066 3.5227309700493112e+18 7.0 4.8449174030217544e+18 7.0 4.9058354140384799e+18 7.0
324 2.7283333764867584e+18 9.1794871794871788 20.17068822728066 3.5227309700493112e+18 7.0 4.8449174030217544e+18 7.0 4.9058354140384799e+18 7.0
325 2.7283333764867584e+18 9.1794871794871788 20.092581666372308 3.5227309700493112e+18 7.0 4.8449174030217544e+18 7.0 4.9058354140384799e+18 7.0
326 2.7283333764867584e+18 9.1794871794871788 20.092581666372308 3.5227309700493112e+18 7.0 4.8449174030217544e+18 7.0 4.9058354140384799e+18 7.0
327 2.7283333764867584e+18 9.1794871794871788 20.092581666372308 3.5227309700493112e+18 7.0 4.8449174030217544e+18 7.0 4.9058354140384799e+18 7.0
328 2.7283333764867584e+18 9.1794871794871788 20.005306785210028 3.5227309700493112e+18 7.0 4.8449174030217544e+18 7.0 4.9058354140384799e+18 7.0
329 2.7283333764867584e+18 9.1794871794871788 20.005306785210028 3.5227309700493112e+18 7.0 4.8449174030217544e+18 7.0 4.9058354140384799e+18 7.0
330 2.7283333764867584e+18 9.1794871794871788 19.907150075294094 3.5227309700493112e+18 7.0 4.8449174030217544e+18 7.0 4.9058354140384799e+18 7.0
331 2.7283333764867584e+18 9.1794871794871788 19.79594291383324 3.5227309700493112e+18 7.0 4.8449174030217544e+18 7.0 4.9058354140384799e+18 7.0
332 2.7283333764867584e+18 9.1794871794871788 19.79594291383324 3.5227309700493112e+18 7.0 4.8449174030217544e+18 7.0 4.9058354140384799e+18 7.0
333 2.7283333764867584e+18 9.1794871794871788 19.668899823116121 3.5227309700493112e+18 7.0 4.8449174030217544e+18 7.0 4.9058354140384799e+18 7.0
334 2.7283333764867584e+18 9.1794871794871788 19.52238253572488 3.5227309700493112e+18 7.0 4.8449174030217544e+18 7.0 4.8996380115359283e+18 7.0
335 2.7283333764867584e+18 9.1794871794871788 19.149798839314148 3.5227309700493112e+18 7.0 4.8449174030217544e+18 7.0 4.8996380115359283e+18 7.0
336 2.7283333764867584e+18 9.1794871794871788 18.907926722696889 3.5227309700493112e+18 7.0 4.8449174030217544e+18 7.0 4.8996380115359283e+18 7.0
337 2.7283333764867584e+18 9.1794871794871788 18.244177088805184 3.4737930394626156e+18 7.0 4.8178007961928069e+18 7.0 4.8913124251501548e+18 7.0
338 3.6652412370796109e+18 9.0 15.860508344150034 2.8275635970113183e+18 2.3333333333333339 4.8178007961928069e+18 7.0 4.8651024709840026e+18 7.0
339 1.9144819761699536e+17 15.282051282051281 0.040677301780941096 3.2164861633097952e+17 4.4871794871794872 7.3159580455434765e+17 6.4615384615384617 1.4328098419306627e+18 7.0
340 1.9144819761699536e+17 15.282051282051281 0.040677301780941096 3.2164861633097952e+17 4.4871794871794872 7.3159580455434765e+17 6.4615384615384617 1.4328098419306627e+18 7.0
341 1.9144819761699536e+17 15.282051282051281 0.040677301780941096 3.2164861633097952e+17 4.4871794871794872 7.3159580455434765e+17 6.4615384615384617 1.4328098419306627e+18 7.0
342 1.9144819761699536e+17 15.282051282051281 0.040677301780941096 3.2164861633097952e+17 4.4871794871794872 7.3159580455434765e+17 6.4615384615384617 1.4328098419306627e+18 7.0
343 1.9144819761699536e+17 15.282051282051281 0.040677301780941096 3.2164861633097952e+17 4.4871794871794872 7.3159580455434765e+17 6.4615384615384617 1.4328098419306627e+18 7.0
344 1.9144819761699536e+17 15.282051282051281 0.040677301780941096 3.2164861633097952e+17 4.4871794871794872 7.3159580455434765e+17 6.4615384615384617 1.4328098419306627e+18 7.0
345 1.9144819761699536e+17 15.282051282051281 0.040677301780941096 3.2164861633097952e+17 4.4871794871794872 7.3159580455434765e+17 6.4615384615384617 1.4328098419306627e+18 7.0
346 1.9144819761699536e+17 15.282051282051281 0.040677301780941096 3.2164861633097952e+17 4.4871794871794872 7.3159580455434765e+17 6.4615384615384617 1.4328098419306627e+18 7.0
347 1.9144819761699536e+17 15.282051282051281 0.040677301780941096 3.2164861633097952e+17 4.4871794871794872 7.3159580455434765e+17 6.4615384615384617 1.4328098419306627e+18 7.0
348 1.9144819761699536e+17 15.282051282051281 0.040677301780941096 3.2164861633097952e+17 4.4871794871794872 7.3159580455434765e+17 6.4615384615384617 1.4328098419306627e+18 7.0
349 1.9144819761699536e+17 15.282051282051281 0.040677301780941096 3.2164861633097952e+17 4.4871794871794872 7.3159580455434765e+17 6.4615384615384617 1.4328098419306627e+18 7.0
350 1.9144819761699536e+17 15.282051282051281 0.040677301780941096 3.2164861633097952e+17 4.4871794871794872 7.3159580455434765e+17 6.4615384615384617 1.4328098419306627e+18 7.0
351 1.9144819761699536e+17 15.282051282051281 0.040677301780941096 3.2164861633097952e+17 4.4871794871794872 7.3159580455434765e+17 6.4615384615384617 1.4328098419306627e+18 7.0
352 1.9144819761699536e+17 15.282051282051281 0.040677301780941096 3.2164861633097952e+17 4.4871794871794872 7.3159580455434765e+17 6.4615384615384617 1.4328098419306627e+18 7.0
353 1.9144819761699536e+17 15.282051282051281 0.040677301780941096 3.2164861633097952e+17 4.4871794871794872 7.3159580455434765e+17 6.4615384615384617 1.4328098419306627e+18 7.0
354 1.9144819761699536e+17 15.282051282051281 0.040677301780941096 3.2164861633097952e+17 4.4871794871794872 7.3159580455434765e+17 6.4615384615384617 1.4328098419306627e+18 7.0
355 1.9144819761699536e+17 15.282051282051281 0.040677301780941096 3.2164861633097952e+17 4.4871794871794872 7.3159580455434765e+17 6.4615384615384617 1.4328098419306627e+18 7.0
356 1.9144819761699536e+17 15.282051282051281 0.040677301780941096 3.2164861633097952e+17 4.4871794871794872 7.3159580455434765e+17 6.4615384615384617 1.4328098419306627e+18 7.0
357 1.9144819761699536e+17 15.282051282051281 0.040677301780941096 3.2164861633097952e+17 4.4871794871794872 7.3159580455434765e+17 6.4615384615384617 1.4328098419306627e+18 7.0
358 1.9144819761699536e+17 15.282051282051281 0.040677301780941096 3.2164861633097952e+17 4.4871794871794872 7.3159580455434765e+17 6.4615384615384617 1.4328098419306627e+18 7.0
359 1.9144819761699536e+17 15.282051282051281 0.040677301780941096 3.2164861633097952e+17 4.4871794871794872 7.3159580455434765e+17 6.4615384615384617 1.4328098419306627e+18 7.0
360 1.9144819761699536e+17 15.282051282051281 0.040677301780941096 3.2164861633097952e+17 4.4871794871794872 7.3159580455434765e+17 6.4615384615384617 1.4328098419306627e+18 7.0
361 1.9144819761699536e+17 15.282051282051281 0.040677301780941096 3.2164861633097952e+17 4.4871794871794872 7.3159580455434765e+17 6.4615384615384617 1.4328098419306627e+18 7.0
362 1.9144819761699536e+17 15.282051282051281 0.040677301780941096 3.2164861633097952e+17 4.4871794871794872 7.3159580455434765e+17 6.4615384615384617 1.4328098419306627e+18 7.0
363 1.9144819761699536e+17 15.282051282051281 0.040677301780941096 3.2164861633097952e+17 4.4871794871794872 7.3159580455434765e+17 6.4615384615384617 1.4328098419306627e+18 7.0
364 1.9144819761699536e+17 15.282051282051281 0.040677301780941096 3.2164861633097952e+17 4.4871794871794872 7.3159580455434765e+17 6.4615384615384617 1.4328098419306627e+18 7.0
365 1.9144819761699536e+17 15.282051282051281 0.040677301780941096 3.2164861633097952e+17 4.4871794871794872 7.3159580455434765e+17 6.4615384615384617 1.4328098419306627e+18 7.0
366 1.9144819761699536e+17 15.282051282051281 0.040677301780941096 3.2164861633097952e+17 4.4871794871794872 7.3159580455434765e+17 6.4615384615384617 1.4328098419306627e+18 7.0
367 1.9144819761699536e+17 15.282051282051281 0.040677301780941096 3.2164861633097952e+17 4.4871794871794872 7.3159580455434765e+17 6.4615384615384617 1.4328098419306627e+18 7.0
368 1.9144819761699536e+17 15.282051282051281 0.040677301780941096 3.2164861633097952e+17 4.4871794871794872 7.3159580455434765e+17 6.4615384615384617 1.4328098419306627e+18 7.0
369 1.9144819761699536e+17 15.282051282051281 0.040677301780941096 3.2164861633097952e+17 4.4871794871794872 7.3159580455434765e+17 6.4615384615384617 1.4328098419306627e+18 7.0
370 1.9144819761699536e+17 15.282051282051281 0.040677301780941096 3.2164861633097952e+17 4.4871794871794872 7.3159580455434765e+17 6.4615384615384617 1.4328098419306627e+18 7.0
371 1.9144819761699536e+17 15.282051282051281 0.040677301780941096 3.2164861633097952e+17 4.4871794871794872 7.3159580455434765e+17 6.4615384615384617 1.4328098419306627e+18 7.0
372 1.9144819761699536e+17 15.282051282051281 0.040677301780941096 3.2164861633097952e+17 4.4871794871794872 7.3159580455434765e+17 6.4615384615384617 1.4328098419306627e+18 7.0
373 1.9144819761699536e+17 15.282051282051281 0.040677301780941096 3.2164861633097952e+17 4.4871794871794872 7.3159580455434765e+17 6.4615384615384617 1.4328098419306627e+18 7.0
374 1.9144819761699536e+17 15.282051282051281 0.040677301780941096 3.2164861633097952e+17 4.4871794871794872 7.3159580455434765e+17 6.4615384615384617 1.4328098419306627e+18 7.0
375 1.9144819761699536e+17 15.282051282051281 0.040677301780941096 3.2164861633097952e+17 4.4871794871794872 7.3159580455434765e+17 6.4615384615384617 1.4328098419306627e+18 7.0
376 1.9144819761699536e+17 15.282051282051281 0.040677301780941096 3.2164861633097952e+17 4.4871794871794872 7.3159580455434765e+17 6.4615384615384617 1.4328098419306627e+18 7.0
377 1.9144819761699536e+17 15.282051282051281 0.040677301780941096 3.2164861633097952e+17 4.4871794871794872 7.3159580455434765e+17 6.4615384615384617 1.4328098419306627e+18 7.0
378 1.9144819761699536e+17 15.282051282051281 0.040677301780941096 3.2164861633097952e+17 4.4871794871794872 7.3159580455434765e+17 6.4615384615384617 1.4328098419306627e+18 7.0
379 1.9144819761699536e+17 15.282051282051281 0.040677301780941096 3.2164861633097952e+17 4.4871794871794872 7.3159580455434765e+17 6.4615384615384617 1.4328098419306627e+18 7.0
380 1.9144819761699536e+17 15.282051282051281 0.040677301780941096 3.2164861633097952e+17 4.4871794871794872 7.3159580455434765e+17 6.4615384615384617 1.4328098419306627e+18 7.0
381 1.9144819761699536e+17 15.282051282051281 0.040677301780941096 3.2164861633097952e+17 4.4871794871794872 7.3159580455434765e+17 6.4615384615384617 1.4328098419306627e+18 7.0
382 1.9144819761699536e+17 15.282051282051281 0.040677301780941096 3.2164861633097952e+17 4.4871794871794872 7.3159580455434765e+17 6.4615384615384617 1.4328098419306627e+18 7.0
383 1.9144819761699536e+17 15.282051282051281 0.040677301780941096 3.2164861633097952e+17 4.4871794871794872 7.3159580455434765e+17 6.4615384615384617 1.4328098419306627e+18 7.0
384 1.9144819761699536e+17 15.282051282051281 0.040677301780941096 3.2164861633097952e+17 4.4871794871794872 7.3159580455434765e+17 6.4615384615384617 1.4328098419306627e+18 7.0
385 1.9144819761699536e+17 15.282051282051281 0.040677301780941096 3.2164861633097952e+17 4.4871794871794872 7.3159580455434765e+17 6.4615384615384617 1.4328098419306627e+18 7.0
386 1.9144819761699536e+17 15.282051282051281 0.040677301780941096 3.2164861633097952e+17 4.4871794871794872 7.3159580455434765e+17 6.4615384615384617 1.4328098419306627e+18 7.0
387 1.9144819761699536e+17 15.282051282051281 0.040677301780941096 3.2164861633097952e+17 4.4871794871794872 7.3159580455434765e+17 6.4615384615384617 1.4328098419306627e+18 7.0
388 1.9144819761699536e+17 15.282051282051281 0.040677301780941096 3.2164861633097952e+17 4.4871794871794872 7.3159580455434765e+17 6.4615384615384617 1.4328098419306627e+18 7.0
389 1.9144819761699536e+17 15.282051282051281 0.040677301780941096 3.2164861633097952e+17 4.4871794871794872 7.3159580455434765e+17 6.4615384615384617 1.4328098419306627e+18 7.0
390 1.9144819761699536e+17 15.282051282051281 0.040677301780941096 3.2164861633097952e+17 4.4871794871794872 7.3159580455434765e+17 6.4615384615384617 1.4328098419306627e+18 7.0
391 1.9144819761699536e+17 15.282051282051281 0.040677301780941096 3.2164861633097952e+17 4.4871794871794872 7.3159580455434765e+17 6.4615384615384617 1.4328098419306627e+18 7.0
392 1.9144819761699536e+17 15.282051282051281 0.040677301780941096 3.2164861633097952e+17 4.4871794871794872 7.3159580455434765e+17 6.4615384615384617 1.4328098419306627e+18 7.0
393 1.9144819761699536e+17 15.282051282051281 0.040677301780941096 3.2164861633097952e+17 4.4871794871794872 7.3159580455434765e+17 6.4615384615384617 1.4328098419306627e+18 7.0
394 1.9144819761699536e+17 15.282051282051281 0.040677301780941096 3.2164861633097952e+17 4.4871794871794872 7.3159580455434765e+17 6.4615384615384617 1.4328098419306627e+18 7.0
395 1.9144819761699536e+17 15.282051282051281 0.040677301780941096 3.2164861633097952e+17 4.4871794871794872 7.3159580455434765e+17 6.4615384615384617 1.4328098419306627e+18 7.0
396 1.9144819761699536e+17 15.282051282051281 0.040677301780941096 3.2164861633097952e+17 4.4871794871794872 7.3159580455434765e+17 6.4615384615384617 1.4328098419306627e+18 7.0
397 1.9144819761699536e+17 15.282051282051281 0.040677301780941096 3.2164861633097952e+17 4.4871794871794872 7.3159580455434765e+17 6.4615384615384617 1.4328098419306627e+18 7.0
398 1.9144819761699536e+17 15.282051282051281 0.040677301780941096 3.2164861633097952e+17 4.4871794871794872 7.3159580455434765e+17 6.4615384615384617 1.4328098419306627e+18 7.0
399 1.9144819761699536e+17 15.282051282051281 0.040677301780941096 3.2164861633097952e+17 4.4871794871794872 7.3159580455434765e+17 6.4615384615384617 1.4328098419306627e+18 7.0
400 1.9144819761699536e+17 15.282051282051281 0.040677301780941096 3.2164861633097952e+17 4.4871794871794872 7.3159580455434765e+17 6.4615384615384617 1.4328098419306627e+18 7.0
401 1.9144819761699536e+17 15.282051282051281 0.040677301780941096 3.2164861633097952e+17 4.4871794871794872 7.3159580455434765e+17 6.4615384615384617 1.4328098419306627e+18 7.0
402 1.9144819761699536e+17 15.282051282051281 0.040677301780941096 3.2164861633097952e+17 4.4871794871794872 7.3159580455434765e+17 6.4615384615384617 1.4328098419306627e+18 7.0
403 1.9144819761699536e+17 15.282051282051281 0.040677301780941096 3.2164861633097952e+17 4.4871794871794872 7.3159580455434765e+17 6.4615384615384617 1.4328098419306627e+18 7.0
404 1.9144819761699536e+17 15.282051282051281 0.040677301780941096 3.2164861633097952e+17 4.4871794871794872 7.3159580455434765e+17 6.4615384615384617 1.4328098419306627e+18 7.0
405 1.9144819761699536e+17 15.282051282051281 0.040677301780941096 3.2164861633097952e+17 4.4871794871794872 7.3159580455434765e+17 6.4615384615384617 1.4328098419306627e+18 7.0
406 1.9144819761699536e+17 15.282051282051281 0.040677301780941096 3.2164861633097952e+17 4.4871794871794872 7.3159580455434765e+17 6.4615384615384617 1.4328098419306627e+18 7.0
407 1.9144819761699536e+17 15.282051282051281 0.040677301780941096 3.2164861633097952e+17 4.4871794871794872 7.3159580455434765e+17 6.4615384615384617 1.4328098419306627e+18 7.0
408 1.9144819761699536e+17 15.282051282051281 0.040677301780941096 3.2164861633097952e+17 4.4871794871794872 7.3159580455434765e+17 6.4615384615384617 1.4328098419306627e+18 7.0
409 1.9144819761699536e+17 15.282051282051281 0.040677301780941096 3.2164861633097952e+17 4.4871794871794872 7.3159580455434765e+17 6.4615384615384617 1.4328098419306627e+18 7.0
410 1.9144819761699536e+17 15.282051282051281 0.040677301780941096 3.2164861633097952e+17 4.4871794871794872 7.3159580455434765e+17 6.4615384615384617 1.4328098419306627e+18 7.0
411 1.9144819761699536e+17 15.282051282051281 0.040677301780941096 3.2164861633097952e+17 4.4871794871794872 7.3159580455434765e+17 6.4615384615384617 1.4328098419306627e+18 7.0
412 1.9144819761699536e+17 15.282051282051281 0.040677301780941096 3.2164861633097952e+17 4.4871794871794872 7.3159580455434765e+17 6.4615384615384617 1.4328098419306627e+18 7.0
413 1.9144819761699536e+17 15.282051282051281 0.040677301780941096 3.2164861633097952e+17 4.4871794871794872 7.3159580455434765e+17 6.4615384615384617 1.4328098419306627e+18 7.0
414 1.9144819761699536e+17 15.282051282051281 0.040677301780941096 3.2164861633097952e+17 4.4871794871794872 7.3159580455434765e+17 6.4615384615384617 1.4328098419306627e+18 7.0
415 1.9144819761699536e+17 15.282051282051281 0.040677301780941096 3.2164861633097952e+17 4.4871794871794872 7.3159580455434765e+17 6.4615384615384617 1.4328098419306627e+18 7.0
416 1.9144819761699536e+17 15.282051282051281 0.040677301780941096 3.2164861633097952e+17 4.4871794871794872 7.3159580455434765e+17 6.4615384615384617 1.4328098419306627e+18 7.0
417 1.9144819761699536e+17 15.282051282051281 0.040677301780941096 3.2164861633097952e+17 4.4871794871794872 7.3159580455434765e+17 6.4615384615384617 1.4328098419306627e+18 7.0
418 1.9144819761699536e+17 15.282051282051281 0.040677301780941096 3.2164861633097952e+17 4.4871794871794872 7.3159580455434765e+17 6.4615384615384617 1.4328098419306627e+18 7.0
419 1.9144819761699536e+17 15.282051282051281 0.040677301780941096 3.2164861633097952e+17 4.4871794871794872 7.3159580455434765e+17 6.4615384615384617 1.4328098419306627e+18 7.0
420 1.9144819761699536e+17 15.282051282051281 0.040677301780941096 3.2164861633097952e+17 4.4871794871794872 7.3159580455434765e+17 6.4615384615384617 1.4328098419306627e+18 7.0
421 1.9144819761699536e+17 15.282051282051281 0.040677301780941096 3.2164861633097952e+17 4.4871794871794872 7.3159580455434765e+17 6.4615384615384617 1.4328098419306627e+18 7.0
422 1.9144819761699536e+17 15.282051282051281 0.040677301780941096 3.2164861633097952e+17 4.4871794871794872 7.3159580455434765e+17 6.4615384615384617 1.4328098419306627e+18 7.0
423 1.9144819761699536e+17 15.282051282051281 0.040677301780941096 3.2164861633097952e+17 4.4871794871794872 7.3159580455434765e+17 6.4615384615384617 1.4328098419306627e+18 7.0
424 1.9144819761699536e+17 15.282051282051281 0.040677301780941096 3.2164861633097952e+17 4.4871794871794872 7.3159580455434765e+17 6.4615384615384617 1.4328098419306627e+18 7.0
425 1.9144819761699536e+17 15.282051282051281 0.040677301780941096 3.2164861633097952e+17 4.4871794871794872 7.3159580455434765e+17 6.4615384615384617 1.4328098419306627e+18 7.0
426 1.9144819761699536e+17 15.282051282051281 0.040677301780941096 3.2164861633097952e+17 4.4871794871794872 7.3159580455434765e+17 6.4615384615384617 1.4328098419306627e+18 7.0
427 3.6652412370796109e+18 9.0 15.860508344150034 2.8275635970113183e+18 2.3333333333333339 4.8178007961928069e+18 7.0 4.8651024709840026e+18 7.0
428 2.7283333764867584e+18 9.1794871794871788 18.244177088805184 3.4737930394626156e+18 7.0 4.8178007961928069e+18 7.0 4.8913124251501548e+18 7.0
429 2.7283333764867584e+18 9.1794871794871788 19.149798839314148 3.5227309700493112e+18 7.0 4.8449174030217544e+18 7.0 4.8996380115359283e+18 7.0
430 2.7283333764867584e+18 9.1794871794871788 19.351546914699941 3.5227309700493112e+18 7.0 4.8449174030217544e+18 7.0 4.8996380115359283e+18 7.0
431 2.7283333764867584e+18 9.1794871794871788 19.668899823116121 3.5227309700493112e+18 7.0 4.8449174030217544e+18 7.0 4.9058354140384799e+18 7.0
432 2.7283333764867584e+18 9.1794871794871788 19.79594291383324 3.5227309700493112e+18 7.0 4.8449174030217544e+18 7.0 4.9058354140384799e+18 7.0
433 2.7283333764867584e+18 9.1794871794871788 19.907150075294094 3.5227309700493112e+18 7.0 4.8449174030217544e+18 7.0 4.9058354140384799e+18 7.0
434 2.7283333764867584e+18 9.1794871794871788 20.005306785210028 3.5227309700493112e+18 7.0 4.8449174030217544e+18 7.0 4.9058354140384799e+18 7.0
435 2.7283333764867584e+18 9.1794871794871788 20.092581666372308 3.5227309700493112e+18 7.0 4.8449174030217544e+18 7.0 4.9058354140384799e+18 7.0
436 2.7283333764867584e+18 9.1794871794871788 20.092581666372308 3.5227309700493112e+18 7.0 4.8449174030217544e+18 7.0 4.9058354140384799e+18 7.0
437 2.7283333764867584e+18 9.1794871794871788 20.17068822728066 3.5227309700493112e+18 7.0 4.8449174030217544e+18 7.0 4.9058354140384799e+18 7.0
438 2.7283333764867584e+18 9.1794871794871788 20.240998264218735 3.5227309700493112e+18 7.0 4.8449174030217544e+18 7.0 4.9104486383807631e+18 7.0
439 2.7283333764867584e+18 9.1794871794871788 20.240998264218735 3.5227309700493112e+18 7.0 4.8449174030217544e+18 7.0 4.9104486383807631e+18 7.0
440 2.7283333764867584e+18 9.1794871794871788 20.240998264218735 3.5227309700493112e+18 7.0 4.8449174030217544e+18 7.0 4.9104486383807631e+18 7.0
441 2.7283333764867584e+18 9.1794871794871788 20.30462297449321 3.5227309700493112e+18 7.0 4.8449174030217544e+18 7.0 4.9104486383807631e+18 7.0
442 2.7283333764867584e+18 9.1794871794871788 20.30462297449321 3.5227309700493112e+18 7.0 4.8449174030217544e+18 7.0 4.9104486383807631e+18 7.0
443 2.7283333764867584e+18 9.1794871794871788 20.30462297449321 3.5227309700493112e+18 7.0 4.8449174030217544e+18 7.0 4.9104486383807631e+18 7.0
444 2.8942661247167398e+19 9.0 13.286174679004093 1.7004894830023041e+19 1.2564102564102555 3.775621622048025e+19 7.0 3.8417392919719739e+19 7.0
445 3.8881551803081015e+19 9.0 10.490987900992405 1.7337204902762238e+19 0.8974358974358978 4.8568209505588929e+19 4.6666666666666679 5.1395773102600249e+19 7.0
446 5.2233450742668542e+19 9.0 8.470809007564192 3.0689103842349765e+19 1.0769230769230766 6.3555642225808204e+19 3.7692307692307701 6.8658607796422705e+19 7.0
447 5.2233450742668542e+19 9.0 8.470809007564192 3.0689103842349765e+19 1.0769230769230766 6.3555642225808204e+19 3.7692307692307701 6.8658607796422705e+19 7.0
448 5.2233450742668542e+19 9.0 8.470809007564192 3.0689103842349765e+19 1.0769230769230766 6.3555642225808204e+19 3.7692307692307701 6.8658607796422705e+19 7.0
449 5.2233450742668542e+19 9.0 8.470809007564192 3.0689103842349765e+19 1.0769230769230766 6.3555642225808204e+19 3.7692307692307701 6.8658607796422705e+19 7.0
450 5.2233450742668542e+19 9.0 8.470809007564192 3.0689103842349765e+19 1.0769230769230766 6.3555642225808204e+19 3.7692307692307701 6.8658607796422705e+19 7.0
451 3.8881551803081015e+19 9.0 10.490987900992405 1.7337204902762238e+19 0.8974358974358978 4.8568209505588929e+19 4.6666666666666679 5.1395773102600249e+19 7.0
452 2.8942661247167398e+19 9.0 13.286174679004093 1.7004894830023041e+19 1.2564102564102555 3.775621622048025e+19 7.0 3.8417392919719739e+19 7.0
453 2.7283333764867584e+18 9.1794871794871788 20.30462297449321 3.5227309700493112e+18 7.0 4.8449174030217544e+18 7.0 4.9104486383807631e+18 7.0
