391.434593    0.00993888387209
394.458626586    0.0175698604324
397.482660172    0.0298885084096
400.506693758    0.0486837152861
403.530727343    0.078102858048
406.554760929    0.126084762526
409.578794515    0.205514579946
412.602828101    0.314883818939
415.626861687    0.393262407225
418.650895273    0.437080942627
421.674928859    0.462420606088
424.698962444    0.489001311292
427.72299603    0.514546534625
430.747029616    0.53685741414
433.771063202    0.547259953215
436.795096788    0.538278694866
439.819130374    0.552344106993
442.84316396    0.573273062996
445.867197545    0.573372728421
448.891231131    0.56675751373
451.915264717    0.549971747083
454.939298303    0.549607868735
457.963331889    0.548731599936
460.987365475    0.582692374709
464.011399061    0.598978659773
467.035432646    0.624742037779
470.059466232    0.615947201764
473.083499818    0.595368646322
476.107533404    0.582715450856
479.13156699    0.574444276037
482.155600576    0.569050462599
485.179634162    0.600930873081
488.203667747    0.622597946521
491.227701333    0.631141045708
494.251734919    0.626275339742
497.275768505    0.628076826777
500.299802091    0.634738268662
503.323835677    0.639188860399
506.347869263    0.631064435829
509.371902848    0.631915172606
512.395936434    0.657690192353
515.41997002    0.648618593731
518.444003606    0.66400039376
521.468037192    0.667494031597
524.492070778    0.654746026105
527.516104364    0.672128525372
530.540137949    0.716700064028
533.564171535    0.73214434372
536.588205121    0.738436502717
539.612238707    0.759234146766
542.636272293    0.752162229171
545.660305879    0.756572296612
548.684339465    0.738176980925
551.708373051    0.733952934217
554.732406636    0.75826743029
557.756440222    0.742920224941
560.780473808    0.773002976247
563.804507394    0.836460175489
566.82854098    0.857720130532
569.852574566    0.877091910785
572.876608152    0.882687149241
575.900641737    0.874209259363
578.924675323    0.857114914394
581.948708909    0.868863435366
584.972742495    0.877705717834
587.996776081    0.892993937771
591.020809667    0.945861069147
594.044843253    0.973170727045
597.068876838    0.95626048252
600.092910424    0.969841102466
603.11694401    0.979599133415
606.140977596    1.05348718172
609.165011182    0.77597666081
612.189044768    0.344506429822
615.213078354    0.241670134854
618.237111939    0.176536268772
621.261145525    0.130824487798
624.285179111    0.106613551577
627.309212697    0.0891130351176
630.333246283    0.0739194549199
633.357279869    0.0631716797133
636.381313455    0.0538745993423
639.40534704    0.0465524549099
642.429380626    0.0411316523186
645.453414212    0.0358266809358
648.477447798    0.0311154911498
651.501481384    0.0271904411307
654.52551497    0.0243619672858
657.549548556    0.0228702810471
660.573582141    0.0211990446017
663.597615727    0.0190898634421
666.621649313    0.0172778858598
669.645682899    0.0164432448906
672.669716485    0.0158552747953
675.693750071    0.0148404691195
678.717783657    0.0136563131965
681.741817242    0.0126536001218
684.765850828    0.0118436588225
687.789884414    0.0109421681689
690.813918    0.00997835051155
