117.776168    0.00543684188761
119.047550889    0.00955399847282
120.318933778    0.0162958309306
121.590316667    0.0276322602477
122.861699556    0.0456826042987
124.133082444    0.0738192075975
125.404465333    0.115004537442
126.675848222    0.171095609678
127.947231111    0.239229233621
129.218614    0.31259076086
130.489996889    0.37847489612
131.761379778    0.430463975786
133.032762667    0.450947507638
134.304145556    0.450969954851
135.575528444    0.452047628848
136.846911333    0.471252896017
138.118294222    0.497344917248
139.389677111    0.510536198578
140.66106    0.517509544142
141.932442889    0.519048570607
143.203825778    0.518206533642
144.475208667    0.519852457411
145.746591556    0.527601877978
147.017974444    0.535001968969
148.289357333    0.537069096601
149.560740222    0.541066569265
150.832123111    0.547488855738
152.103506    0.545169685199
153.374888889    0.539244792878
154.646271778    0.544570665899
155.917654667    0.54474108905
157.189037556    0.534689946729
158.460420444    0.533946484779
159.731803333    0.524996809687
161.003186222    0.511851925012
162.274569111    0.509506027484
163.545952    0.500023316825
164.817334889    0.4955332193
166.088717778    0.489152028724
167.360100667    0.473895470978
168.631483556    0.471626853295
169.902866444    0.457491569927
171.174249333    0.456119320865
172.445632222    0.449301923792
173.717015111    0.448051972409
174.988398    0.443994554774
176.259780889    0.440573940986
177.531163778    0.440711007337
178.802546667    0.432874345246
180.073929556    0.432359801184
181.345312444    0.431126458626
182.616695333    0.436397160455
183.888078222    0.436553621666
185.159461111    0.433371249444
186.430844    0.434217188409
187.702226889    0.434361408189
188.973609778    0.434026496631
190.244992667    0.424975061825
191.516375556    0.421956541714
192.787758444    0.412463134331
194.059141333    0.405972390094
195.330524222    0.3856905003
196.601907111    0.370531765333
197.87329    0.357744775838
199.144672889    0.341008961645
200.416055778    0.326430125902
201.687438667    0.299997578949
202.958821556    0.282722973214
204.230204444    0.261222744437
205.501587333    0.234976163619
206.772970222    0.216045955696
208.044353111    0.187955343204
209.315736    0.166223062841
210.587118889    0.149539587117
211.858501778    0.132394479901
213.129884667    0.117240991157
214.401267556    0.101458978311
215.672650444    0.0872634815824
216.944033333    0.0765021722259
218.215416222    0.0661417202329
219.486799111    0.0572123348446
220.758182    0.0496636076627
222.029564889    0.0426205478859
223.300947778    0.0374852055933
224.572330667    0.033399480284
225.843713556    0.0288767904518
227.115096444    0.0250109415825
228.386479333    0.0222517162821
229.657862222    0.0194980045549
230.929245111    0.0167688620612
232.200628    0.0147103707205
233.472010889    0.0130232159965
234.743393778    0.0115622568962
236.014776667    0.0103663273778
237.286159556    0.00934302849277
238.557542444    0.00836777868379
239.828925333    0.0075071172536
241.100308222    0.0068997102892
242.371691111    0.00624457355391
243.643074    0.00544449855377
