281.694909    0.00993002247819
283.139958657    0.0123929675093
284.585008313    0.0165697197619
286.03005797    0.0229080386598
287.475107626    0.0346703758159
288.920157283    0.0492883175142
290.365206939    0.0667081511457
291.810256596    0.0893046770302
293.255306253    0.128546726855
294.700355909    0.189011071246
296.145405566    0.269594923599
297.590455222    0.335549045656
299.035504879    0.373898255061
300.480554535    0.406532535986
301.925604192    0.427242827026
303.370653848    0.45036945287
304.815703505    0.451664743787
306.260753162    0.452239093872
307.705802818    0.463622920289
309.150852475    0.470369491666
310.595902131    0.499290561829
312.040951788    0.512191349113
313.486001444    0.528860170117
314.931051101    0.533978574963
316.376100758    0.530577504946
317.821150414    0.521007980749
319.266200071    0.518761606711
320.711249727    0.543759311075
322.156299384    0.593667689292
323.60134904    0.64145356592
325.046398697    0.662272404596
326.491448354    0.642024640603
327.93649801    0.634087198359
329.381547667    0.621623012333
330.826597323    0.638833234684
332.27164698    0.659644084684
333.716696636    0.687232662496
335.161746293    0.703035351779
336.606795949    0.711887841974
338.051845606    0.716435867299
339.496895263    0.711011512852
340.941944919    0.717329446749
342.386994576    0.725878641366
343.832044232    0.754978867219
345.277093889    0.766367501771
346.722143545    0.74819857585
348.167193202    0.739019652152
349.612242859    0.728744987833
351.057292515    0.738545024341
352.502342172    0.787874018765
353.947391828    0.847730989741
355.392441485    0.879670284536
356.837491141    0.894228337048
358.282540798    0.886726168212
359.727590455    0.843954666086
361.172640111    0.829657389699
362.617689768    0.827778274573
364.062739424    0.843209125715
365.507789081    0.861629534677
366.952838737    0.892346418681
368.397888394    0.912161901359
369.842938051    0.930115629458
371.287987707    0.949853340378
372.733037364    0.972644759959
374.17808702    0.966352184894
375.623136677    0.957732525241
377.068186333    0.955570587612
378.51323599    0.959353588281
379.958285646    0.963635098926
381.403335303    0.966101218417
382.84838496    0.979556154276
384.293434616    1.00017475959
385.738484273    0.981138680774
387.183533929    0.965587478449
388.628583586    0.950327476646
390.073633242    0.945915741668
391.518682899    0.943111239112
392.963732556    0.950310465921
394.408782212    0.92881240453
395.853831869    0.906473835736
397.298881525    0.837988495539
398.743931182    0.790214610892
400.188980838    0.707981992534
401.634030495    0.635765768555
403.079080152    0.560081454079
404.524129808    0.494794849693
405.969179465    0.433068407379
407.414229121    0.37367420438
408.859278778    0.336493306154
410.304328434    0.300770405911
411.749378091    0.262278326003
413.194427747    0.223636420144
414.639477404    0.19823400921
416.084527061    0.131996563794
417.529576717    0.0643703435558
418.974626374    0.0371565556832
420.41967603    0.0234770597188
421.864725687    0.0169566783286
423.309775343    0.0128833314426
424.754825    0.00984425680295
