199.453966    0.00999029091733
200.455094495    0.0128949572732
201.45622299    0.0175366073724
202.457351485    0.0239759682633
203.45847998    0.0321406341891
204.459608475    0.0448528348886
205.46073697    0.0611058517097
206.461865465    0.0843298436223
207.46299396    0.119058845431
208.464122455    0.158069016583
209.465250949    0.197544113595
210.466379444    0.239967084504
211.467507939    0.290472221521
212.468636434    0.343787980109
213.469764929    0.383016362156
214.470893424    0.394546365942
215.472021919    0.409423266829
216.473150414    0.425730120776
217.474278909    0.440230187254
218.475407404    0.449670339544
219.476535899    0.458167671648
220.477664394    0.476979230785
221.478792889    0.480884949728
222.479921384    0.478395308025
223.481049879    0.478298838364
224.482178374    0.491822288517
225.483306869    0.528903515442
226.484435364    0.552256456357
227.485563859    0.551901325704
228.486692354    0.547189766848
229.487820848    0.553745284474
230.488949343    0.592344762915
231.490077838    0.619420291719
232.491206333    0.638513432044
233.492334828    0.64845235008
234.493463323    0.653799740385
235.494591818    0.667303260559
236.495720313    0.676348784297
237.496848808    0.670683349862
238.497977303    0.675663800127
239.499105798    0.691835118352
240.500234293    0.721267456311
241.501362788    0.747970332572
242.502491283    0.750698323511
243.503619778    0.730280058899
244.504748273    0.715742367314
245.505876768    0.720745415236
246.507005263    0.743781447792
247.508133758    0.776483717609
248.509262253    0.79108483127
249.510390747    0.786693912772
250.511519242    0.775750339272
251.512647737    0.7749813542
252.513776232    0.791205948151
253.514904727    0.807846512103
254.516033222    0.823384404246
255.517161717    0.83250182748
256.518290212    0.847626124146
257.519418707    0.86911108358
258.520547202    0.891010845753
259.521675697    0.907874673008
260.522804192    0.89763041331
261.523932687    0.885434219489
262.525061182    0.867057835193
263.526189677    0.883857520368
264.527318172    0.913529282801
265.528446667    0.967330345482
266.529575162    0.998854513031
267.530703657    0.991208312285
268.531832152    0.957634966013
269.532960646    0.92361776159
270.534089141    0.914413192121
271.535217636    0.930168188595
272.536346131    0.958853710819
273.537474626    0.976382929667
274.538603121    0.986808725955
275.539731616    0.97541972603
276.540860111    0.954645728931
277.541988606    0.949752590313
278.543117101    0.950674036447
279.544245596    0.933830415478
280.545374091    0.916488011119
281.546502586    0.882174883865
282.547631081    0.847486122701
283.548759576    0.794491267924
284.549888071    0.778557718317
285.551016566    0.817273947673
286.552145061    0.763703085195
287.553273556    0.748713732217
288.554402051    0.683495725016
289.555530545    0.594341416766
290.55665904    0.504723880748
291.557787535    0.406949413576
292.55891603    0.328516741725
293.560044525    0.258550967965
294.56117302    0.129852032369
295.562301515    0.0528208287577
296.56343001    0.0278033443092
297.564558505    0.0162373512156
298.565687    0.00977871957353
