79.102588    0.00583530203211
79.6687211212    0.0104330792371
80.2348542424    0.0158476069823
80.8009873636    0.0253676001334
81.3671204848    0.0414770670152
81.9332536061    0.0650890614316
82.4993867273    0.102933706384
83.0655198485    0.15765805928
83.6316529697    0.219877709706
84.1977860909    0.268707506809
84.7639192121    0.312175396972
85.3300523333    0.363454522822
85.8961854545    0.412829267481
86.4623185758    0.439775121215
87.028451697    0.444654655367
87.5945848182    0.43872094392
88.1607179394    0.430504664739
88.7268510606    0.422482988669
89.2929841818    0.41230395032
89.859117303    0.404131956114
90.4252504242    0.410478605901
90.9913835455    0.432657718903
91.5575166667    0.461535755362
92.1236497879    0.490578802682
92.6897829091    0.517988878245
93.2559160303    0.541334941676
93.8220491515    0.559229962191
94.3881822727    0.567529940807
94.9543153939    0.57142035071
95.5204485152    0.576197715343
96.0865816364    0.577616520807
96.6527147576    0.57893707915
97.2188478788    0.580647486822
97.784981    0.582516249074
98.3511141212    0.582203077528
98.9172472424    0.576528326391
99.4833803636    0.564266907339
100.049513485    0.552944100881
100.615646606    0.542553228845
101.181779727    0.529463567931
101.747912848    0.524747354698
102.31404597    0.519033861171
102.880179091    0.514241911025
103.446312212    0.513073497042
104.012445333    0.505385861644
104.578578455    0.490711776833
105.144711576    0.477791755475
105.710844697    0.4612697488
106.276977818    0.451767927793
106.843110939    0.455463577784
107.409244061    0.457565739433
107.975377182    0.456141091632
108.541510303    0.457100517139
109.107643424    0.450308480579
109.673776545    0.449871771532
110.239909667    0.443348002185
110.806042788    0.44155212985
111.372175909    0.441807037504
111.93830903    0.433943998863
112.504442152    0.435485671869
113.070575273    0.426642714074
113.636708394    0.422058454781
114.202841515    0.412158521311
114.768974636    0.405395729042
115.335107758    0.396880789603
115.901240879    0.385375408274
116.467374    0.377987749461
117.033507121    0.365930747875
117.599640242    0.35905169729
118.165773364    0.34397273717
118.731906485    0.334100285846
119.298039606    0.316071014958
119.864172727    0.302691244052
120.430305848    0.281675055567
120.99643897    0.263796188345
121.562572091    0.240402248603
122.128705212    0.219768465812
122.694838333    0.194305589707
123.260971455    0.171557777169
123.827104576    0.146553574428
124.393237697    0.124553838655
124.959370818    0.102971886224
125.525503939    0.0833745288155
126.091637061    0.065764467172
126.657770182    0.0509700939747
127.223903303    0.0388889467784
127.790036424    0.0285606222652
128.356169545    0.0207831777102
128.922302667    0.0144894484317
129.488435788    0.0105160052708
130.054568909    0.00802751687956
130.62070203    0.00666052069523
131.186835152    0.00621597490334
131.752968273    0.00606334966177
132.319101394    0.00614270023903
132.885234515    0.00630710131421
133.451367636    0.00652989911757
134.017500758    0.00649698177893
134.583633879    0.00622881077143
135.149767    0.00582575589456
