55.670637    0.00515502135165
56.0955833232    0.0121947127773
56.5205296465    0.0221299220443
56.9454759697    0.0368310736501
57.3704222929    0.0546769844457
57.7953686162    0.0760157637717
58.2203149394    0.100408236622
58.6452612626    0.128995583263
59.0702075859    0.160819312256
59.4951539091    0.193213801549
59.9201002323    0.228300702202
60.3450465556    0.263401956591
60.7699928788    0.29234425645
61.194939202    0.315064760798
61.6198855253    0.334003545732
62.0448318485    0.36053156736
62.4697781717    0.3885903484
62.8947244949    0.408955302166
63.3196708182    0.423487035298
63.7446171414    0.454413942999
64.1695634646    0.479917284264
64.5945097879    0.502554115845
65.0194561111    0.513609259233
65.4444024343    0.51636372407
65.8693487576    0.512222670838
66.2942950808    0.511833390854
66.719241404    0.516134282966
67.1441877273    0.509231465916
67.5691340505    0.503255022427
67.9940803737    0.487564657733
68.419026697    0.46698900119
68.8439730202    0.44962993592
69.2689193434    0.44679037215
69.6938656667    0.450183225654
70.1188119899    0.449824331515
70.5437583131    0.449144668806
70.9687046364    0.45239288948
71.3936509596    0.460925510888
71.8185972828    0.466348458591
72.2435436061    0.469057758937
72.6684899293    0.468848197305
73.0934362525    0.472716177915
73.5183825758    0.479745856984
73.943328899    0.486373068266
74.3682752222    0.492484155613
74.7932215455    0.497689939582
75.2181678687    0.501229332489
75.6431141919    0.50168390997
76.0680605152    0.498099627267
76.4930068384    0.490236641405
76.9179531616    0.482609695298
77.3428994848    0.470044780487
77.7678458081    0.446633515235
78.1927921313    0.42162607942
78.6177384545    0.402733346303
79.0426847778    0.396268994489
79.467631101    0.392442398082
79.8925774242    0.382247544486
80.3175237475    0.368291828266
80.7424700707    0.350622942587
81.1674163939    0.330079425794
81.5923627172    0.3074729768
82.0173090404    0.280551277311
82.4422553636    0.254581436865
82.8672016869    0.227332793176
83.2921480101    0.200513264908
83.7170943333    0.176940494268
84.1420406566    0.15455701933
84.5669869798    0.135277136136
84.991933303    0.1207962501
85.4168796263    0.109462454229
85.8418259495    0.0990302785936
86.2667722727    0.0889716697513
86.691718596    0.0787483560084
87.1166649192    0.0687464334027
87.5416112424    0.0594788630892
87.9665575657    0.0513753867248
88.3915038889    0.0441963316591
88.8164502121    0.0377695898383
89.2413965354    0.0322339359818
89.6663428586    0.0275661785217
90.0912891818    0.0240700631218
90.5162355051    0.021762060159
90.9411818283    0.0199823713872
91.3661281515    0.018668026955
91.7910744747    0.0175608640589
92.216020798    0.0164251121964
92.6409671212    0.0152786949689
93.0659134444    0.0141561026828
93.4908597677    0.0129484724475
93.9158060909    0.0117359002582
94.3407524141    0.010606267403
94.7656987374    0.00964281073718
95.1906450606    0.00880404423648
95.6155913838    0.00795077449431
96.0405377071    0.00727589489239
96.4654840303    0.00666342104858
96.8904303535    0.00608476728925
97.3153766768    0.00556114619699
97.740323    0.00516725176361
